K = 1
Total Datasets: 424
Time Taken: 0.0738447
35, 
61, 
189, 
247, 
364, 
374, 
423, 
472, 
482, 
108, 
124, 
272, 
291, 
335, 
371, 
493, 
51, 
72, 
85, 
260, 
285, 
306, 
319, 
395, 
444, 
81, 
116, 
222, 
284, 
402, 
416, 
439, 
477, 
9, 
238, 
283, 
339, 
347, 
353, 
404, 
461, 
36, 
252, 
300, 
303, 
320, 
495, 
17, 
25, 
31, 
145, 
231, 
293, 
328, 
329, 
350, 
109, 
140, 
192, 
217, 
221, 
333, 
113, 
127, 
137, 
360, 
63, 
138, 
188, 
210, 
338, 
375, 
463, 
43, 
120, 
389, 
419, 
446, 
50, 
69, 
160, 
169, 
170, 
318, 
470, 
86, 
150, 
316, 
420, 
78, 
123, 
240, 
280, 
378, 
473, 
47, 
104, 
139, 
259, 
399, 
443, 
29, 
147, 
261, 
322, 
362, 
447, 
455, 
28, 
117, 
132, 
400, 
424, 
433, 
490, 
142, 
224, 
330, 
351, 
377, 
38, 
146, 
277, 
278, 
282, 
325, 
326, 
372, 
115, 
397, 
432, 
118, 
216, 
357, 
421, 
190, 
184, 
346, 
441, 
246, 
68, 
425, 
431, 
480, 
344, 
368, 
387, 
412, 
437, 
199, 
287, 
295, 
453, 
456, 
40, 
87, 
185, 
313, 
471, 
119, 
154, 
166, 
234, 
250, 
281, 
52, 
175, 
45, 
292, 
336, 
80, 
409, 
8, 
144, 
186, 
7, 
34, 
266, 
363, 
27, 
92, 
148, 
171, 
73, 
96, 
135, 
204, 
14, 
230, 
391, 
430, 
106, 
403, 
429, 
89, 
107, 
149, 
131, 
390, 
201, 
167, 
435, 
332, 
484, 
66, 
3, 
173, 
267, 
121, 
159, 
179, 
388, 
254, 
483, 
13, 
39, 
286, 
359, 
418, 
382, 
494, 
497, 
67, 
130, 
155, 
486, 
491, 
90, 
163, 
297, 
343, 
93, 
103, 
214, 
354, 
492, 
233, 
265, 
16, 
220, 
248, 
274, 
448, 
11, 
102, 
321, 
33, 
152, 
487, 
157, 
183, 
242, 
207, 
228, 
5, 
22, 
236, 
263, 
369, 
110, 
237, 
356, 
488, 
74, 
212, 
340, 
48, 
125, 
440, 
481, 
62, 
129, 
198, 
213, 
298, 
380, 
288, 
449, 
178, 
193, 
219, 
243, 
168, 
436, 
438, 
209, 
208, 
348, 
410, 
414, 
415, 
76, 
100, 
289, 
496, 
474, 
229, 
304, 
279, 
451, 
128, 
181, 
46, 
176, 
10, 
302, 
405, 
194, 
273, 
60, 
182, 
94, 
57, 
18, 
241, 
442, 
41, 
101, 
235, 
55, 
174, 
227, 
6, 
334, 
70, 
133, 
258, 
77, 
23, 
197, 
312, 
19, 
21, 
445, 
366, 
42, 
97, 
112, 
172, 
111, 
331, 
398, 
195, 
411, 
459, 
187, 
324, 
126, 
311, 
466, 
114, 
99, 
337, 
426, 
95, 
299, 
485, 
83, 
156, 
215, 
309, 
191, 
465, 
255, 
143, 
205, 
307, 
385, 
464, 
232, 
53, 
396, 
462, 
268, 
460, 
180, 
161, 
71, 
226, 
478, 
401, 
0, 
358, 
49, 
469, 
467, 
4, 
20, 
342, 
323, 
82, 
75, 
454, 
59, 
352, 
12, 
203, 
417, 
428, 
98, 
392, 
206, 
422, 
79, 
158, 
223, 
457, 
499, 
44, 
26, 
136, 
91, 
30, 
294, 
314, 
367, 
270, 
384, 
202, 
427, 
381, 
310, 
290, 
379, 

K = 2
Total Datasets: 2166
Time Taken: 15.9637
35, 374, 
35, 423, 
35, 319, 
35, 444, 
35, 416, 
35, 36, 
35, 17, 
35, 217, 
35, 446, 
35, 150, 
35, 132, 
35, 325, 
35, 456, 
35, 62, 
35, 101, 
35, 299, 
35, 83, 
61, 482, 
61, 306, 
61, 416, 
61, 477, 
61, 339, 
61, 300, 
61, 192, 
61, 69, 
61, 259, 
61, 146, 
61, 246, 
61, 344, 
61, 368, 
61, 412, 
61, 414, 
189, 247, 
247, 364, 
247, 374, 
247, 423, 
247, 472, 
247, 124, 
247, 371, 
247, 306, 
247, 319, 
247, 444, 
247, 222, 
247, 416, 
247, 238, 
247, 283, 
247, 353, 
247, 404, 
247, 36, 
247, 300, 
247, 17, 
247, 293, 
247, 109, 
247, 140, 
247, 221, 
247, 63, 
247, 210, 
247, 69, 
247, 86, 
247, 443, 
247, 29, 
247, 147, 
247, 132, 
247, 377, 
247, 38, 
247, 325, 
247, 432, 
247, 118, 
247, 480, 
247, 471, 
247, 154, 
247, 281, 
247, 52, 
247, 8, 
247, 171, 
247, 403, 
247, 3, 
247, 67, 
247, 486, 
247, 93, 
247, 214, 
247, 274, 
247, 5, 
247, 172, 
364, 222, 
364, 36, 
364, 214, 
374, 472, 
374, 108, 
374, 124, 
374, 335, 
374, 371, 
374, 319, 
374, 395, 
374, 444, 
374, 116, 
374, 416, 
374, 477, 
374, 238, 
374, 283, 
374, 353, 
374, 36, 
374, 300, 
374, 17, 
374, 293, 
374, 140, 
374, 192, 
374, 221, 
374, 127, 
374, 360, 
374, 63, 
374, 188, 
374, 43, 
374, 69, 
374, 169, 
374, 318, 
374, 86, 
374, 150, 
374, 316, 
374, 123, 
374, 280, 
374, 104, 
374, 139, 
374, 259, 
374, 147, 
374, 261, 
374, 28, 
374, 117, 
374, 132, 
374, 490, 
374, 38, 
374, 372, 
374, 432, 
374, 246, 
374, 425, 
374, 344, 
374, 368, 
374, 412, 
374, 456, 
374, 40, 
374, 87, 
374, 471, 
374, 281, 
374, 8, 
374, 135, 
374, 14, 
374, 403, 
374, 107, 
374, 484, 
374, 3, 
374, 121, 
374, 155, 
374, 248, 
374, 274, 
374, 263, 
374, 48, 
374, 481, 
374, 62, 
374, 414, 
374, 289, 
374, 10, 
374, 405, 
374, 97, 
374, 299, 
374, 83, 
423, 222, 
423, 293, 
423, 221, 
423, 127, 
423, 446, 
423, 170, 
423, 190, 
423, 412, 
423, 471, 
423, 27, 
423, 448, 
423, 219, 
423, 209, 
423, 97, 
423, 337, 
472, 444, 
472, 222, 
472, 283, 
472, 36, 
472, 300, 
472, 293, 
472, 140, 
472, 221, 
472, 360, 
472, 63, 
472, 69, 
472, 47, 
472, 147, 
472, 455, 
472, 117, 
472, 377, 
472, 38, 
472, 432, 
472, 281, 
472, 171, 
472, 67, 
472, 486, 
472, 209, 
472, 23, 
472, 112, 
482, 360, 
482, 246, 
108, 36, 
108, 63, 
108, 259, 
108, 325, 
108, 107, 
108, 33, 
108, 71, 
124, 319, 
124, 444, 
124, 238, 
124, 63, 
124, 69, 
124, 169, 
124, 123, 
124, 259, 
124, 399, 
124, 132, 
124, 246, 
124, 281, 
124, 409, 
124, 67, 
124, 48, 
272, 72, 
272, 69, 
272, 106, 
272, 289, 
335, 493, 
335, 444, 
335, 416, 
335, 238, 
335, 192, 
335, 127, 
335, 360, 
335, 63, 
335, 69, 
335, 139, 
335, 147, 
335, 28, 
335, 325, 
335, 246, 
335, 480, 
335, 87, 
335, 281, 
335, 167, 
335, 159, 
335, 486, 
335, 209, 
335, 21, 
371, 51, 
371, 306, 
371, 319, 
371, 222, 
371, 402, 
371, 238, 
371, 339, 
371, 353, 
371, 404, 
371, 36, 
371, 300, 
371, 17, 
371, 217, 
371, 127, 
371, 360, 
371, 63, 
371, 69, 
371, 318, 
371, 420, 
371, 123, 
371, 132, 
371, 490, 
371, 38, 
371, 325, 
371, 326, 
371, 432, 
371, 246, 
371, 412, 
371, 437, 
371, 471, 
371, 281, 
371, 484, 
371, 359, 
371, 418, 
371, 67, 
371, 155, 
371, 214, 
371, 492, 
371, 219, 
371, 436, 
371, 414, 
371, 100, 
371, 289, 
371, 405, 
371, 442, 
371, 71, 
493, 353, 
493, 63, 
493, 210, 
493, 216, 
493, 246, 
493, 344, 
493, 234, 
493, 281, 
493, 492, 
493, 248, 
493, 219, 
51, 72, 
51, 85, 
51, 285, 
51, 306, 
51, 319, 
51, 395, 
51, 444, 
51, 416, 
51, 238, 
51, 63, 
51, 138, 
51, 69, 
51, 318, 
51, 259, 
51, 147, 
51, 132, 
51, 490, 
51, 87, 
51, 119, 
51, 281, 
51, 497, 
51, 274, 
51, 340, 
51, 48, 
51, 168, 
51, 289, 
72, 285, 
72, 306, 
72, 319, 
72, 395, 
72, 444, 
72, 36, 
72, 63, 
72, 38, 
72, 432, 
72, 412, 
72, 471, 
72, 274, 
72, 168, 
85, 306, 
85, 319, 
85, 395, 
85, 444, 
85, 222, 
85, 36, 
85, 293, 
85, 140, 
85, 127, 
85, 63, 
85, 69, 
85, 240, 
85, 259, 
85, 38, 
85, 246, 
85, 412, 
85, 40, 
85, 471, 
85, 403, 
260, 319, 
285, 306, 
285, 319, 
285, 395, 
285, 444, 
285, 416, 
285, 63, 
306, 319, 
306, 395, 
306, 444, 
306, 402, 
306, 416, 
306, 238, 
306, 339, 
306, 36, 
306, 300, 
306, 293, 
306, 127, 
306, 360, 
306, 63, 
306, 69, 
306, 139, 
306, 117, 
306, 377, 
306, 38, 
306, 325, 
306, 412, 
306, 456, 
306, 40, 
306, 144, 
306, 39, 
306, 359, 
306, 48, 
306, 76, 
319, 395, 
319, 444, 
319, 222, 
319, 416, 
319, 353, 
319, 36, 
319, 300, 
319, 17, 
319, 293, 
319, 127, 
319, 63, 
319, 69, 
319, 259, 
319, 325, 
319, 118, 
319, 246, 
319, 368, 
319, 387, 
319, 471, 
319, 8, 
319, 171, 
319, 430, 
319, 121, 
319, 163, 
319, 214, 
319, 11, 
319, 193, 
319, 436, 
319, 414, 
319, 10, 
319, 405, 
319, 70, 
395, 444, 
395, 222, 
395, 402, 
395, 416, 
395, 238, 
395, 140, 
395, 192, 
395, 127, 
395, 360, 
395, 63, 
395, 188, 
395, 69, 
395, 150, 
395, 259, 
395, 147, 
395, 455, 
395, 118, 
395, 246, 
395, 471, 
395, 154, 
395, 281, 
395, 14, 
395, 179, 
395, 168, 
395, 289, 
395, 442, 
395, 21, 
444, 222, 
444, 402, 
444, 416, 
444, 439, 
444, 477, 
444, 9, 
444, 238, 
444, 283, 
444, 339, 
444, 36, 
444, 300, 
444, 17, 
444, 293, 
444, 350, 
444, 192, 
444, 221, 
444, 127, 
444, 360, 
444, 63, 
444, 446, 
444, 69, 
444, 170, 
444, 318, 
444, 123, 
444, 139, 
444, 259, 
444, 399, 
444, 29, 
444, 147, 
444, 132, 
444, 490, 
444, 38, 
444, 325, 
444, 326, 
444, 432, 
444, 216, 
444, 246, 
444, 425, 
444, 344, 
444, 412, 
444, 456, 
444, 87, 
444, 471, 
444, 154, 
444, 281, 
444, 148, 
444, 403, 
444, 484, 
444, 418, 
444, 67, 
444, 163, 
444, 93, 
444, 214, 
444, 11, 
444, 488, 
444, 48, 
444, 125, 
444, 348, 
444, 289, 
444, 10, 
444, 442, 
444, 112, 
444, 337, 
444, 49, 
81, 116, 
81, 416, 
81, 439, 
81, 145, 
81, 400, 
81, 377, 
81, 432, 
81, 87, 
81, 281, 
81, 486, 
81, 33, 
81, 182, 
116, 222, 
116, 221, 
116, 360, 
116, 69, 
116, 169, 
116, 318, 
116, 259, 
116, 28, 
116, 490, 
116, 277, 
116, 425, 
116, 387, 
116, 412, 
116, 486, 
116, 11, 
116, 209, 
222, 402, 
222, 416, 
222, 439, 
222, 477, 
222, 238, 
222, 353, 
222, 36, 
222, 300, 
222, 17, 
222, 231, 
222, 293, 
222, 221, 
222, 127, 
222, 360, 
222, 63, 
222, 338, 
222, 389, 
222, 446, 
222, 69, 
222, 169, 
222, 170, 
222, 86, 
222, 123, 
222, 240, 
222, 104, 
222, 259, 
222, 147, 
222, 455, 
222, 132, 
222, 142, 
222, 377, 
222, 38, 
222, 277, 
222, 326, 
222, 372, 
222, 432, 
222, 118, 
222, 357, 
222, 425, 
222, 368, 
222, 412, 
222, 87, 
222, 471, 
222, 281, 
222, 80, 
222, 409, 
222, 8, 
222, 148, 
222, 106, 
222, 403, 
222, 3, 
222, 359, 
222, 67, 
222, 486, 
222, 492, 
222, 248, 
222, 274, 
222, 11, 
222, 152, 
222, 487, 
222, 48, 
222, 62, 
222, 168, 
222, 209, 
222, 414, 
222, 289, 
222, 405, 
222, 442, 
222, 459, 
222, 143, 
402, 416, 
402, 477, 
402, 283, 
402, 339, 
402, 36, 
402, 300, 
402, 293, 
402, 192, 
402, 221, 
402, 127, 
402, 63, 
402, 69, 
402, 169, 
402, 86, 
402, 104, 
402, 139, 
402, 259, 
402, 399, 
402, 29, 
402, 117, 
402, 377, 
402, 38, 
402, 68, 
402, 295, 
402, 471, 
402, 154, 
402, 281, 
402, 8, 
402, 73, 
402, 106, 
402, 155, 
402, 248, 
402, 74, 
402, 213, 
402, 219, 
402, 405, 
402, 385, 
416, 439, 
416, 477, 
416, 238, 
416, 283, 
416, 36, 
416, 300, 
416, 221, 
416, 127, 
416, 360, 
416, 63, 
416, 188, 
416, 69, 
416, 160, 
416, 318, 
416, 123, 
416, 47, 
416, 259, 
416, 399, 
416, 29, 
416, 147, 
416, 447, 
416, 132, 
416, 400, 
416, 490, 
416, 38, 
416, 146, 
416, 277, 
416, 372, 
416, 432, 
416, 246, 
416, 425, 
416, 412, 
416, 456, 
416, 87, 
416, 471, 
416, 144, 
416, 14, 
416, 107, 
416, 3, 
416, 418, 
416, 163, 
416, 233, 
416, 11, 
416, 321, 
416, 33, 
416, 152, 
416, 125, 
416, 209, 
416, 348, 
416, 414, 
416, 289, 
416, 405, 
416, 182, 
416, 101, 
439, 477, 
439, 404, 
439, 36, 
439, 221, 
439, 360, 
439, 63, 
439, 463, 
439, 69, 
439, 170, 
439, 132, 
439, 400, 
439, 490, 
439, 377, 
439, 432, 
439, 412, 
439, 471, 
439, 281, 
439, 8, 
439, 14, 
439, 403, 
439, 33, 
439, 289, 
477, 283, 
477, 300, 
477, 127, 
477, 63, 
477, 188, 
477, 69, 
477, 170, 
477, 29, 
477, 432, 
477, 480, 
477, 368, 
477, 412, 
477, 471, 
477, 486, 
477, 11, 
477, 289, 
477, 12, 
9, 404, 
9, 300, 
9, 127, 
9, 169, 
9, 437, 
9, 87, 
9, 281, 
9, 405, 
9, 442, 
238, 283, 
238, 339, 
238, 347, 
238, 353, 
238, 300, 
238, 17, 
238, 192, 
238, 221, 
238, 127, 
238, 63, 
238, 188, 
238, 69, 
238, 318, 
238, 86, 
238, 139, 
238, 147, 
238, 132, 
238, 38, 
238, 277, 
238, 325, 
238, 432, 
238, 425, 
238, 344, 
238, 87, 
238, 471, 
238, 281, 
238, 292, 
238, 34, 
238, 14, 
238, 167, 
238, 354, 
238, 11, 
238, 48, 
238, 405, 
238, 442, 
238, 55, 
238, 334, 
238, 445, 
238, 385, 
238, 71, 
283, 353, 
283, 36, 
283, 300, 
283, 63, 
283, 150, 
283, 147, 
283, 117, 
283, 490, 
283, 456, 
283, 471, 
283, 281, 
283, 22, 
283, 125, 
339, 36, 
339, 293, 
339, 192, 
339, 127, 
339, 360, 
339, 240, 
339, 259, 
339, 117, 
339, 490, 
339, 38, 
339, 325, 
339, 425, 
339, 471, 
339, 281, 
339, 403, 
339, 39, 
339, 286, 
339, 359, 
339, 274, 
339, 487, 
339, 62, 
339, 182, 
339, 442, 
339, 299, 
347, 169, 
347, 459, 
353, 47, 
353, 443, 
353, 490, 
353, 246, 
353, 471, 
353, 154, 
353, 3, 
353, 93, 
353, 248, 
353, 11, 
353, 209, 
353, 414, 
353, 227, 
353, 23, 
404, 36, 
404, 221, 
404, 360, 
404, 63, 
404, 463, 
404, 318, 
404, 123, 
404, 142, 
404, 425, 
404, 368, 
404, 92, 
404, 148, 
404, 173, 
404, 179, 
36, 300, 
36, 293, 
36, 192, 
36, 221, 
36, 127, 
36, 137, 
36, 63, 
36, 188, 
36, 338, 
36, 446, 
36, 69, 
36, 160, 
36, 318, 
36, 470, 
36, 150, 
36, 123, 
36, 378, 
36, 139, 
36, 259, 
36, 147, 
36, 132, 
36, 490, 
36, 142, 
36, 377, 
36, 38, 
36, 277, 
36, 325, 
36, 372, 
36, 432, 
36, 118, 
36, 425, 
36, 387, 
36, 412, 
36, 437, 
36, 471, 
36, 281, 
36, 148, 
36, 171, 
36, 403, 
36, 107, 
36, 167, 
36, 173, 
36, 388, 
36, 359, 
36, 103, 
36, 248, 
36, 11, 
36, 33, 
36, 48, 
36, 125, 
36, 481, 
36, 62, 
36, 209, 
36, 414, 
36, 289, 
36, 182, 
36, 442, 
36, 101, 
36, 112, 
36, 307, 
36, 290, 
252, 259, 
252, 281, 
300, 17, 
300, 293, 
300, 192, 
300, 221, 
300, 127, 
300, 63, 
300, 69, 
300, 150, 
300, 259, 
300, 147, 
300, 400, 
300, 38, 
300, 325, 
300, 372, 
300, 432, 
300, 118, 
300, 480, 
300, 412, 
300, 456, 
300, 87, 
300, 471, 
300, 52, 
300, 8, 
300, 403, 
300, 359, 
300, 486, 
300, 354, 
300, 298, 
300, 193, 
300, 414, 
300, 10, 
300, 405, 
300, 334, 
300, 70, 
303, 38, 
303, 471, 
303, 8, 
495, 192, 
495, 259, 
495, 106, 
495, 74, 
495, 23, 
17, 293, 
17, 127, 
17, 63, 
17, 123, 
17, 132, 
17, 38, 
17, 344, 
17, 412, 
17, 87, 
17, 281, 
17, 484, 
17, 418, 
17, 93, 
17, 214, 
17, 125, 
17, 414, 
17, 289, 
17, 299, 
145, 147, 
145, 11, 
231, 63, 
231, 170, 
231, 248, 
293, 217, 
293, 221, 
293, 127, 
293, 63, 
293, 138, 
293, 446, 
293, 170, 
293, 420, 
293, 123, 
293, 240, 
293, 147, 
293, 447, 
293, 132, 
293, 377, 
293, 38, 
293, 325, 
293, 432, 
293, 246, 
293, 68, 
293, 471, 
293, 119, 
293, 154, 
293, 80, 
293, 403, 
293, 155, 
293, 214, 
293, 248, 
293, 274, 
293, 289, 
293, 10, 
293, 101, 
293, 114, 
293, 180, 
293, 226, 
328, 127, 
328, 432, 
328, 274, 
329, 403, 
350, 432, 
350, 144, 
350, 48, 
109, 192, 
109, 360, 
109, 43, 
109, 446, 
109, 28, 
109, 471, 
109, 219, 
109, 95, 
140, 456, 
140, 209, 
140, 182, 
140, 21, 
192, 221, 
192, 446, 
192, 318, 
192, 259, 
192, 147, 
192, 132, 
192, 38, 
192, 325, 
192, 432, 
192, 118, 
192, 412, 
192, 87, 
192, 471, 
192, 159, 
192, 486, 
192, 74, 
192, 481, 
192, 405, 
192, 21, 
192, 205, 
217, 360, 
217, 259, 
217, 456, 
217, 471, 
217, 359, 
217, 418, 
217, 11, 
217, 405, 
217, 71, 
221, 127, 
221, 360, 
221, 63, 
221, 69, 
221, 160, 
221, 169, 
221, 420, 
221, 123, 
221, 259, 
221, 147, 
221, 132, 
221, 400, 
221, 490, 
221, 38, 
221, 277, 
221, 325, 
221, 326, 
221, 372, 
221, 397, 
221, 432, 
221, 246, 
221, 368, 
221, 412, 
221, 456, 
221, 87, 
221, 471, 
221, 154, 
221, 52, 
221, 80, 
221, 409, 
221, 8, 
221, 144, 
221, 148, 
221, 14, 
221, 106, 
221, 107, 
221, 3, 
221, 418, 
221, 67, 
221, 155, 
221, 486, 
221, 214, 
221, 233, 
221, 11, 
221, 5, 
221, 48, 
221, 125, 
221, 481, 
221, 168, 
221, 209, 
221, 414, 
221, 289, 
221, 229, 
221, 304, 
221, 442, 
221, 55, 
221, 97, 
221, 172, 
221, 331, 
221, 385, 
221, 460, 
221, 71, 
127, 360, 
127, 63, 
127, 188, 
127, 463, 
127, 446, 
127, 69, 
127, 169, 
127, 318, 
127, 420, 
127, 123, 
127, 240, 
127, 47, 
127, 259, 
127, 443, 
127, 29, 
127, 132, 
127, 142, 
127, 38, 
127, 277, 
127, 432, 
127, 246, 
127, 425, 
127, 480, 
127, 387, 
127, 412, 
127, 40, 
127, 87, 
127, 471, 
127, 119, 
127, 154, 
127, 281, 
127, 52, 
127, 8, 
127, 7, 
127, 135, 
127, 14, 
127, 106, 
127, 163, 
127, 274, 
127, 11, 
127, 48, 
127, 168, 
127, 209, 
127, 289, 
127, 95, 
127, 71, 
127, 75, 
137, 360, 
137, 144, 
137, 209, 
360, 63, 
360, 69, 
360, 160, 
360, 170, 
360, 318, 
360, 280, 
360, 47, 
360, 259, 
360, 147, 
360, 132, 
360, 400, 
360, 38, 
360, 325, 
360, 480, 
360, 412, 
360, 456, 
360, 87, 
360, 14, 
360, 13, 
360, 39, 
360, 359, 
360, 11, 
360, 198, 
360, 219, 
360, 414, 
360, 76, 
360, 176, 
360, 405, 
63, 188, 
63, 375, 
63, 389, 
63, 69, 
63, 318, 
63, 86, 
63, 150, 
63, 123, 
63, 240, 
63, 378, 
63, 139, 
63, 259, 
63, 29, 
63, 147, 
63, 117, 
63, 132, 
63, 400, 
63, 490, 
63, 142, 
63, 377, 
63, 38, 
63, 325, 
63, 326, 
63, 372, 
63, 432, 
63, 480, 
63, 368, 
63, 412, 
63, 456, 
63, 87, 
63, 471, 
63, 119, 
63, 154, 
63, 234, 
63, 281, 
63, 336, 
63, 8, 
63, 148, 
63, 171, 
63, 14, 
63, 106, 
63, 403, 
63, 67, 
63, 90, 
63, 214, 
63, 248, 
63, 274, 
63, 11, 
63, 33, 
63, 125, 
63, 481, 
63, 198, 
63, 178, 
63, 193, 
63, 219, 
63, 209, 
63, 348, 
63, 289, 
63, 10, 
63, 405, 
63, 241, 
63, 442, 
63, 172, 
63, 337, 
63, 71, 
63, 203, 
138, 132, 
138, 246, 
138, 87, 
138, 154, 
138, 214, 
188, 43, 
188, 169, 
188, 150, 
188, 147, 
188, 142, 
188, 471, 
188, 248, 
188, 209, 
188, 289, 
210, 69, 
210, 471, 
338, 412, 
338, 11, 
463, 318, 
463, 107, 
463, 274, 
43, 69, 
43, 318, 
43, 132, 
43, 87, 
43, 281, 
43, 7, 
43, 89, 
43, 131, 
120, 170, 
419, 248, 
446, 169, 
446, 318, 
446, 420, 
446, 104, 
446, 132, 
446, 490, 
446, 432, 
446, 118, 
446, 357, 
446, 87, 
446, 471, 
446, 27, 
446, 403, 
446, 67, 
50, 425, 
69, 160, 
69, 170, 
69, 318, 
69, 86, 
69, 78, 
69, 123, 
69, 399, 
69, 443, 
69, 147, 
69, 261, 
69, 322, 
69, 455, 
69, 28, 
69, 117, 
69, 132, 
69, 490, 
69, 142, 
69, 377, 
69, 38, 
69, 146, 
69, 277, 
69, 325, 
69, 432, 
69, 246, 
69, 425, 
69, 344, 
69, 412, 
69, 437, 
69, 453, 
69, 456, 
69, 40, 
69, 87, 
69, 471, 
69, 119, 
69, 281, 
69, 336, 
69, 8, 
69, 7, 
69, 266, 
69, 201, 
69, 3, 
69, 173, 
69, 121, 
69, 497, 
69, 486, 
69, 354, 
69, 274, 
69, 11, 
69, 207, 
69, 340, 
69, 209, 
69, 414, 
69, 289, 
69, 10, 
69, 442, 
69, 227, 
69, 6, 
69, 334, 
69, 70, 
69, 77, 
69, 311, 
69, 401, 
160, 318, 
160, 259, 
160, 289, 
160, 10, 
169, 170, 
169, 104, 
169, 132, 
169, 38, 
169, 118, 
169, 425, 
169, 344, 
169, 412, 
169, 87, 
169, 185, 
169, 403, 
169, 107, 
169, 173, 
169, 359, 
169, 67, 
169, 248, 
169, 48, 
169, 414, 
169, 405, 
170, 399, 
170, 147, 
170, 142, 
170, 38, 
170, 246, 
170, 368, 
170, 412, 
170, 171, 
170, 274, 
170, 152, 
170, 209, 
318, 150, 
318, 259, 
318, 399, 
318, 443, 
318, 29, 
318, 490, 
318, 38, 
318, 432, 
318, 425, 
318, 368, 
318, 412, 
318, 40, 
318, 87, 
318, 471, 
318, 119, 
318, 8, 
318, 403, 
318, 201, 
318, 103, 
318, 248, 
318, 11, 
318, 5, 
318, 481, 
318, 168, 
318, 442, 
318, 112, 
318, 75, 
86, 78, 
86, 455, 
86, 132, 
86, 432, 
86, 471, 
86, 3, 
86, 209, 
86, 289, 
150, 420, 
150, 47, 
150, 139, 
150, 29, 
150, 132, 
150, 38, 
150, 118, 
150, 246, 
150, 471, 
150, 119, 
150, 154, 
150, 8, 
150, 209, 
150, 289, 
150, 442, 
150, 299, 
316, 412, 
316, 281, 
316, 219, 
420, 123, 
420, 443, 
420, 132, 
420, 38, 
420, 246, 
420, 387, 
420, 171, 
420, 67, 
78, 378, 
78, 480, 
123, 29, 
123, 117, 
123, 325, 
123, 68, 
123, 387, 
123, 87, 
123, 144, 
123, 103, 
123, 274, 
123, 209, 
123, 100, 
123, 289, 
123, 101, 
123, 21, 
240, 487, 
280, 147, 
280, 490, 
280, 107, 
378, 473, 
378, 193, 
47, 455, 
47, 132, 
47, 38, 
47, 471, 
47, 119, 
47, 8, 
104, 455, 
104, 357, 
104, 403, 
139, 399, 
139, 29, 
139, 147, 
139, 377, 
139, 480, 
139, 281, 
139, 34, 
139, 73, 
139, 403, 
139, 167, 
139, 385, 
259, 399, 
259, 117, 
259, 490, 
259, 38, 
259, 432, 
259, 118, 
259, 246, 
259, 471, 
259, 154, 
259, 281, 
259, 336, 
259, 409, 
259, 8, 
259, 484, 
259, 3, 
259, 39, 
259, 359, 
259, 67, 
259, 491, 
259, 11, 
259, 219, 
259, 209, 
259, 442, 
259, 464, 
399, 322, 
399, 132, 
399, 412, 
399, 456, 
399, 154, 
399, 405, 
443, 277, 
443, 432, 
443, 480, 
443, 387, 
443, 403, 
443, 103, 
443, 5, 
443, 474, 
443, 75, 
29, 322, 
29, 377, 
29, 38, 
29, 278, 
29, 282, 
29, 432, 
29, 118, 
29, 246, 
29, 87, 
29, 171, 
29, 418, 
29, 67, 
29, 155, 
29, 214, 
29, 209, 
29, 289, 
29, 405, 
29, 442, 
29, 112, 
147, 132, 
147, 400, 
147, 490, 
147, 277, 
147, 432, 
147, 246, 
147, 480, 
147, 412, 
147, 456, 
147, 87, 
147, 471, 
147, 409, 
147, 34, 
147, 148, 
147, 14, 
147, 107, 
147, 179, 
147, 163, 
147, 214, 
147, 233, 
147, 274, 
147, 11, 
147, 414, 
147, 289, 
147, 442, 
147, 97, 
147, 299, 
261, 471, 
261, 414, 
447, 38, 
447, 432, 
447, 66, 
447, 3, 
455, 38, 
455, 480, 
455, 87, 
28, 377, 
28, 425, 
28, 412, 
28, 453, 
28, 281, 
28, 289, 
28, 442, 
117, 132, 
117, 490, 
117, 38, 
117, 432, 
117, 281, 
117, 497, 
117, 414, 
132, 490, 
132, 38, 
132, 325, 
132, 432, 
132, 118, 
132, 357, 
132, 246, 
132, 480, 
132, 456, 
132, 87, 
132, 471, 
132, 119, 
132, 154, 
132, 281, 
132, 8, 
132, 96, 
132, 204, 
132, 403, 
132, 11, 
132, 48, 
132, 168, 
132, 209, 
132, 414, 
132, 289, 
132, 442, 
132, 97, 
132, 422, 
400, 154, 
400, 281, 
400, 8, 
400, 96, 
400, 414, 
400, 176, 
400, 442, 
424, 490, 
424, 442, 
490, 432, 
490, 344, 
490, 387, 
490, 471, 
490, 119, 
490, 281, 
490, 233, 
490, 11, 
490, 74, 
490, 125, 
490, 481, 
490, 348, 
490, 414, 
490, 176, 
490, 405, 
490, 442, 
142, 246, 
142, 87, 
142, 403, 
142, 359, 
142, 248, 
142, 62, 
330, 48, 
330, 21, 
377, 38, 
377, 246, 
377, 344, 
377, 412, 
377, 437, 
377, 453, 
377, 281, 
377, 171, 
377, 403, 
377, 67, 
377, 11, 
377, 242, 
377, 209, 
377, 459, 
377, 290, 
38, 146, 
38, 346, 
38, 246, 
38, 68, 
38, 387, 
38, 412, 
38, 456, 
38, 40, 
38, 471, 
38, 281, 
38, 292, 
38, 80, 
38, 8, 
38, 144, 
38, 171, 
38, 73, 
38, 107, 
38, 359, 
38, 418, 
38, 67, 
38, 486, 
38, 220, 
38, 248, 
38, 274, 
38, 11, 
38, 33, 
38, 152, 
38, 487, 
38, 74, 
38, 125, 
38, 481, 
38, 438, 
38, 209, 
38, 100, 
38, 289, 
38, 405, 
38, 241, 
38, 442, 
38, 6, 
38, 334, 
38, 299, 
38, 226, 
38, 294, 
146, 480, 
146, 344, 
146, 368, 
146, 387, 
146, 412, 
146, 437, 
146, 281, 
146, 359, 
146, 248, 
146, 442, 
277, 246, 
277, 480, 
277, 471, 
277, 274, 
277, 209, 
277, 289, 
277, 71, 
278, 209, 
325, 412, 
325, 456, 
325, 87, 
325, 73, 
325, 201, 
325, 159, 
325, 39, 
325, 486, 
325, 274, 
325, 33, 
325, 193, 
325, 442, 
325, 101, 
325, 21, 
325, 83, 
325, 71, 
326, 87, 
326, 219, 
326, 436, 
372, 432, 
372, 471, 
372, 8, 
372, 209, 
115, 432, 
432, 118, 
432, 246, 
432, 425, 
432, 480, 
432, 412, 
432, 456, 
432, 87, 
432, 471, 
432, 281, 
432, 148, 
432, 171, 
432, 403, 
432, 67, 
432, 155, 
432, 491, 
432, 163, 
432, 248, 
432, 274, 
432, 11, 
432, 48, 
432, 481, 
432, 289, 
432, 405, 
432, 112, 
432, 401, 
118, 357, 
118, 471, 
118, 148, 
118, 90, 
357, 135, 
357, 403, 
190, 471, 
190, 448, 
190, 219, 
190, 337, 
246, 480, 
246, 87, 
246, 471, 
246, 119, 
246, 281, 
246, 409, 
246, 266, 
246, 171, 
246, 73, 
246, 14, 
246, 3, 
246, 67, 
246, 486, 
246, 93, 
246, 214, 
246, 233, 
246, 248, 
246, 274, 
246, 33, 
246, 74, 
246, 48, 
246, 125, 
246, 62, 
246, 438, 
246, 209, 
246, 100, 
246, 289, 
246, 442, 
246, 70, 
68, 263, 
425, 412, 
425, 83, 
480, 412, 
480, 437, 
480, 87, 
480, 471, 
480, 274, 
344, 412, 
344, 471, 
344, 388, 
344, 414, 
344, 459, 
368, 412, 
368, 437, 
368, 471, 
368, 33, 
368, 48, 
368, 474, 
368, 442, 
368, 71, 
368, 417, 
387, 412, 
387, 471, 
387, 144, 
387, 11, 
387, 474, 
387, 176, 
387, 101, 
412, 471, 
412, 89, 
412, 107, 
412, 39, 
412, 486, 
412, 233, 
412, 274, 
412, 11, 
412, 33, 
412, 207, 
412, 209, 
412, 289, 
412, 10, 
412, 442, 
412, 172, 
412, 83, 
437, 87, 
437, 155, 
437, 93, 
437, 274, 
437, 289, 
453, 471, 
456, 87, 
456, 471, 
456, 154, 
456, 281, 
456, 52, 
456, 359, 
456, 274, 
456, 11, 
456, 219, 
456, 289, 
456, 10, 
456, 182, 
456, 83, 
40, 87, 
40, 185, 
40, 48, 
87, 281, 
87, 409, 
87, 14, 
87, 484, 
87, 3, 
87, 159, 
87, 418, 
87, 155, 
87, 486, 
87, 492, 
87, 248, 
87, 11, 
87, 481, 
87, 289, 
87, 101, 
87, 21, 
87, 331, 
87, 83, 
471, 154, 
471, 281, 
471, 80, 
471, 8, 
471, 403, 
471, 121, 
471, 67, 
471, 214, 
471, 233, 
471, 248, 
471, 274, 
471, 11, 
471, 33, 
471, 74, 
471, 48, 
471, 125, 
471, 209, 
471, 414, 
471, 100, 
471, 289, 
471, 10, 
471, 227, 
471, 70, 
471, 485, 
471, 385, 
471, 401, 
119, 154, 
119, 8, 
119, 497, 
119, 155, 
119, 168, 
154, 66, 
154, 39, 
154, 11, 
154, 209, 
154, 227, 
154, 331, 
281, 8, 
281, 204, 
281, 14, 
281, 484, 
281, 66, 
281, 3, 
281, 248, 
281, 274, 
281, 152, 
281, 213, 
281, 219, 
281, 436, 
281, 438, 
281, 414, 
281, 405, 
52, 168, 
292, 8, 
292, 334, 
80, 83, 
8, 106, 
8, 66, 
8, 125, 
8, 213, 
8, 298, 
8, 168, 
8, 209, 
8, 442, 
8, 6, 
8, 334, 
8, 232, 
144, 487, 
144, 101, 
144, 172, 
34, 167, 
148, 171, 
148, 11, 
148, 191, 
171, 403, 
171, 125, 
171, 209, 
171, 172, 
171, 83, 
73, 48, 
135, 193, 
204, 48, 
14, 3, 
14, 418, 
14, 55, 
14, 385, 
14, 460, 
14, 71, 
106, 107, 
106, 125, 
106, 405, 
403, 274, 
403, 5, 
403, 481, 
403, 75, 
429, 359, 
89, 107, 
89, 48, 
107, 179, 
107, 33, 
107, 48, 
484, 418, 
484, 214, 
484, 100, 
484, 442, 
484, 97, 
484, 71, 
66, 39, 
3, 23, 
3, 21, 
159, 486, 
159, 209, 
159, 21, 
179, 274, 
388, 209, 
483, 48, 
39, 418, 
359, 418, 
359, 248, 
359, 405, 
359, 385, 
359, 71, 
418, 214, 
418, 219, 
418, 100, 
418, 442, 
418, 174, 
418, 71, 
382, 5, 
497, 274, 
497, 340, 
67, 214, 
67, 11, 
67, 74, 
67, 48, 
67, 414, 
67, 405, 
486, 11, 
486, 21, 
93, 193, 
103, 5, 
103, 474, 
103, 324, 
103, 75, 
214, 11, 
214, 74, 
214, 100, 
214, 442, 
214, 71, 
492, 274, 
492, 414, 
492, 442, 
492, 227, 
233, 274, 
248, 481, 
248, 209, 
248, 442, 
248, 187, 
274, 219, 
274, 100, 
274, 289, 
274, 405, 
274, 442, 
274, 21, 
274, 112, 
274, 172, 
448, 219, 
448, 337, 
11, 74, 
11, 298, 
11, 436, 
11, 414, 
11, 289, 
11, 10, 
11, 442, 
11, 299, 
11, 83, 
33, 193, 
33, 209, 
33, 289, 
33, 195, 
5, 474, 
5, 75, 
74, 48, 
74, 213, 
48, 209, 
125, 442, 
62, 101, 
178, 23, 
219, 436, 
219, 97, 
219, 337, 
436, 83, 
438, 209, 
438, 57, 
209, 414, 
209, 100, 
209, 289, 
209, 182, 
209, 442, 
414, 405, 
414, 442, 
100, 289, 
100, 405, 
100, 442, 
100, 71, 
289, 71, 
442, 299, 
442, 71, 
101, 331, 
55, 385, 
55, 460, 
55, 71, 
6, 334, 
385, 71, 
460, 71, 

K = 3
Total Datasets: 194
Time Taken: 1.13135
374, 319, 300, 
374, 319, 471, 
374, 319, 10, 
374, 116, 69, 
374, 116, 28, 
374, 116, 425, 
374, 116, 412, 
374, 300, 10, 
374, 17, 299, 
374, 69, 28, 
374, 69, 425, 
374, 69, 412, 
374, 69, 471, 
374, 28, 425, 
374, 28, 412, 
374, 425, 412, 
423, 190, 448, 
423, 190, 219, 
423, 190, 337, 
423, 448, 219, 
423, 448, 337, 
423, 219, 337, 
108, 63, 325, 
108, 63, 33, 
335, 192, 325, 
335, 192, 87, 
335, 192, 159, 
335, 192, 486, 
335, 192, 21, 
335, 325, 87, 
335, 325, 159, 
335, 325, 486, 
335, 325, 21, 
335, 87, 159, 
335, 87, 486, 
335, 87, 21, 
335, 159, 486, 
335, 159, 21, 
335, 486, 21, 
371, 359, 418, 
371, 418, 442, 
371, 214, 100, 
51, 72, 395, 
51, 85, 306, 
51, 85, 319, 
51, 285, 306, 
51, 69, 497, 
51, 69, 340, 
51, 497, 340, 
72, 285, 306, 
72, 285, 319, 
72, 285, 395, 
72, 285, 444, 
72, 306, 319, 
72, 306, 395, 
72, 319, 395, 
72, 319, 444, 
72, 395, 444, 
72, 395, 63, 
285, 306, 319, 
285, 306, 395, 
285, 319, 395, 
285, 319, 444, 
285, 319, 63, 
285, 395, 444, 
285, 395, 63, 
306, 319, 395, 
319, 395, 444, 
319, 395, 63, 
319, 300, 471, 
319, 300, 10, 
319, 300, 70, 
116, 69, 28, 
116, 69, 425, 
116, 69, 412, 
116, 259, 11, 
116, 28, 425, 
116, 28, 412, 
116, 425, 412, 
222, 446, 104, 
222, 446, 132, 
222, 446, 357, 
222, 446, 403, 
222, 104, 357, 
222, 104, 403, 
222, 357, 403, 
402, 293, 38, 
402, 192, 471, 
402, 259, 471, 
416, 147, 490, 
416, 412, 209, 
416, 412, 289, 
238, 300, 69, 
238, 300, 38, 
238, 221, 147, 
238, 221, 14, 
238, 221, 55, 
238, 221, 385, 
238, 221, 71, 
238, 14, 55, 
238, 14, 385, 
238, 14, 71, 
238, 55, 385, 
238, 55, 71, 
238, 385, 71, 
353, 154, 227, 
36, 377, 290, 
300, 69, 471, 
300, 69, 414, 
300, 69, 10, 
300, 38, 334, 
300, 471, 10, 
293, 38, 226, 
192, 325, 87, 
192, 325, 159, 
192, 325, 486, 
192, 325, 21, 
192, 87, 159, 
192, 87, 486, 
192, 87, 21, 
192, 159, 486, 
192, 159, 21, 
192, 486, 21, 
217, 359, 71, 
221, 14, 55, 
221, 14, 385, 
221, 14, 460, 
221, 14, 71, 
221, 55, 385, 
221, 55, 460, 
221, 55, 71, 
221, 385, 71, 
221, 460, 71, 
127, 420, 387, 
127, 443, 387, 
446, 104, 357, 
446, 104, 403, 
446, 357, 403, 
69, 28, 425, 
69, 28, 412, 
69, 132, 471, 
69, 38, 6, 
69, 38, 334, 
69, 425, 412, 
69, 471, 414, 
69, 471, 10, 
69, 497, 340, 
69, 6, 334, 
104, 357, 403, 
443, 103, 5, 
443, 103, 474, 
443, 103, 75, 
443, 5, 474, 
443, 5, 75, 
28, 425, 412, 
117, 490, 281, 
490, 471, 233, 
142, 359, 248, 
38, 246, 171, 
38, 246, 438, 
38, 471, 125, 
38, 292, 334, 
38, 8, 6, 
38, 6, 334, 
325, 87, 159, 
325, 87, 486, 
325, 87, 21, 
325, 159, 486, 
325, 159, 21, 
325, 486, 21, 
190, 448, 219, 
190, 448, 337, 
190, 219, 337, 
87, 159, 486, 
87, 159, 21, 
87, 486, 21, 
14, 55, 385, 
14, 55, 460, 
14, 55, 71, 
14, 385, 71, 
14, 460, 71, 
484, 418, 100, 
484, 418, 71, 
484, 214, 100, 
484, 214, 71, 
484, 100, 71, 
159, 486, 21, 
418, 100, 71, 
103, 5, 474, 
103, 5, 75, 
214, 100, 71, 
448, 219, 337, 
55, 385, 71, 
55, 460, 71, 

