89, 171, 613, 798, 1116, 1145, 1276, 1414, 1458
356, 416, 837, 902, 1023, 1126, 1486
154, 233, 274, 827, 883, 946, 981, 1183, 1349
260, 374, 709, 883, 1202, 1248, 1324, 1431
29, 764, 877, 1039, 1054, 1085, 1216, 1396
101, 715, 808, 927, 936, 988, 1487
51, 68, 85, 486, 713, 733, 904, 1009, 1014, 1036, 1072
359, 471, 623, 682, 705, 1018
371, 425, 455, 986, 1108
191, 274, 432, 464, 612, 664, 1007, 1034, 1146, 1403, 1486, 1493
133, 402, 877, 1179, 1266, 1371
150, 221, 547, 568, 571, 973, 1179, 1408
281, 521, 962, 1269
52, 246, 405, 623, 773, 863, 1157, 1428
138, 150, 336, 466, 734, 821, 913, 939, 1071, 1190, 1247, 1343
83, 497, 520, 571, 607, 828, 993, 1113, 1115, 1136, 1372, 1432
222, 246, 281, 336, 666, 1384
75, 377, 442, 699, 827, 1147, 1191, 1278, 1307, 1325, 1474
480, 722, 1014, 1073, 1156, 1382
112, 445, 490, 800, 860, 863, 874, 996, 1005, 1127, 1132, 1349
215, 371, 401, 699, 737, 1003, 1185, 1301
391, 679, 938, 992, 1092, 1273, 1354
95, 220, 280, 478, 618, 874, 1021
460, 497, 601, 1051, 1294, 1331
377, 404, 783, 944, 1458
132, 150, 214, 474, 789, 1023, 1284, 1290, 1444
490, 1042, 1121, 1153, 1171, 1233, 1316, 1325
154, 493, 638, 665, 889, 912, 1023, 1042, 1105, 1275, 1290
139, 222, 444, 463, 1113, 1382, 1384
26, 125, 293, 568, 601, 955, 1411
400, 432, 529, 553, 679, 745, 798, 807, 871, 937, 1023, 1486
157, 360, 583, 616, 799, 1371, 1382, 1412, 1442
80, 137, 477, 717, 903, 966, 1030
132, 250, 357, 412, 601, 684, 790, 855, 1169, 1228
17, 486, 603, 747
14, 87, 831, 870, 1115
71, 310, 516, 577, 867, 1216, 1401
188, 821
237, 707, 996, 1414
235, 319, 353, 449, 651, 771, 992, 1059
42, 494, 731, 1004, 1180, 1289
25, 78, 139, 197, 344, 807, 837, 1054, 1214, 1286
159, 300, 351, 626, 863, 930, 931, 1425, 1486
124, 401, 517, 963, 973, 1317
48, 438, 714, 870, 1103, 1180, 1414
647, 1098, 1194, 1354
558, 924, 1311
863, 934, 1018, 1209, 1321, 1462
23, 204, 934, 982
8, 217, 246, 580, 834, 909, 1136, 1372
402, 543, 592, 709, 1174
83, 247, 580, 764, 808, 825, 1036, 1459, 1475
40, 123, 886, 946, 996, 1039, 1095, 1109, 1125, 1259
623, 1160, 1487, 1499
209, 259, 437, 538, 832, 981, 988, 994, 1217, 1296, 1463, 1477
123, 306, 501, 553, 565, 914, 1042, 1145, 1208, 1280
51, 316, 336, 673, 955, 1034
477, 571, 623, 903, 1039, 1088, 1208
471, 484, 549, 839, 1149, 1214, 1482
74, 87, 740, 1023, 1256, 1273, 1305, 1486
139, 197, 807, 829, 1128
47, 696, 771, 803, 806, 855, 1036, 1300, 1373, 1411
36, 213, 335, 670, 818, 992, 1367
87, 664
309, 338, 524, 543, 721, 908, 1079, 1280, 1354, 1435, 1469
255, 442, 541, 544, 600, 648, 778, 1315
43, 216, 656, 729, 791, 828, 831, 988
359, 673, 1412
193, 222, 747, 946, 1149, 1252
107, 235, 377, 790, 830, 833, 857
11, 63, 459, 484, 754, 877, 1072
116, 232, 544, 682, 829, 1149, 1371
201, 1036, 1051, 1123, 1211, 1346, 1401, 1469
71, 154, 360, 666, 732, 755, 886, 1092
172, 222, 553, 641, 733, 805, 827, 981, 1187, 1253, 1472
140, 173, 278, 571, 613, 1047, 1111, 1184, 1373, 1458
201, 238, 293, 667, 673, 786, 1021, 1040, 1228, 1269
574, 827, 992, 1081
100, 145, 157, 286, 416, 437, 700, 806, 1072, 1136, 1264, 1294, 1327, 1354, 1451
178, 216, 289, 433, 436, 480, 721, 839, 924, 946, 1092, 1181, 1469
21, 199, 636, 669, 1023, 1109, 1217, 1443
76, 359, 669, 738, 916, 1145, 1158, 1159, 1289
286, 344, 720, 756, 855, 891, 1005, 1373, 1483
530, 589, 628, 690, 782, 832, 1277
154, 558, 689, 871, 1018, 1127, 1312, 1319
233, 482, 555, 662, 771, 1042, 1174, 1313, 1409, 1468, 1486
222, 246, 656, 664, 803, 929, 995, 1063, 1116, 1127, 1231, 1273, 1363, 1435
118, 138, 214, 483, 870, 1236, 1240, 1382, 1424, 1468
402, 425, 447, 961, 1144, 1373, 1432
243, 402, 682, 686, 1094, 1286
51, 154, 292, 316, 325, 439, 670, 800, 1127, 1183
36, 180, 471, 477, 571, 734, 796, 820, 1117, 1152, 1486
48, 215, 432, 703, 901, 1493
197, 559, 1067
48, 49, 303, 347, 360, 909, 988, 1233, 1289
118, 214, 346, 418, 554, 837, 1023, 1243, 1372, 1428
31, 319, 424, 444, 563, 601, 867, 1039, 1325
656, 705, 729, 938, 1236, 1480
339, 471, 520, 527, 863, 912, 1183, 1202, 1378
123, 233, 527, 570, 657, 962, 1189, 1196, 1233, 1325
69, 117, 289, 314, 335, 432, 592, 628
108, 137, 560, 603, 931, 1372, 1386
86, 130, 300, 348, 353, 570, 866, 1145
96, 144, 182, 274, 416, 558, 586, 713, 800, 981, 1039, 1239, 1265, 1480
33, 374, 501, 540, 624, 934, 1143, 1157, 1169, 1220
23, 204, 570, 934, 982
300, 444, 538, 629, 656, 707, 891, 963, 1188, 1384
29, 487, 668, 840, 867, 1047
94, 137, 444, 518, 545, 571, 744, 748, 1048, 1189, 1362
170, 212, 418, 503, 744, 937, 1246, 1286, 1301, 1367, 1411, 1474
146, 209, 524, 591, 595, 628, 720, 903, 929, 982, 1294, 1364, 1412
118, 318, 492, 985, 1042, 1120
79, 119, 166, 572, 663, 786, 1152, 1320
29, 73, 219, 374, 644, 806, 1145, 1234, 1284
16, 81, 283, 325, 439, 471, 565, 1228
55, 107, 348, 487, 520, 575, 634, 777, 896, 964, 988, 1121, 1188, 1232, 1341
127, 328, 465, 527, 540, 676, 752, 903
339, 350, 371, 401, 416, 570, 575, 669, 737, 985, 1226, 1301
201, 527, 674, 805, 909, 1372
163, 299, 318, 347, 734, 874, 1371, 1412
171, 233, 428, 582, 642, 677, 727, 858, 1016, 1452, 1461
13, 20, 109, 219, 764, 903, 931, 1019, 1086
33, 48, 191, 221, 222, 402, 767, 806, 926, 976, 981, 1132, 1136, 1409, 1428
444, 446, 500, 521, 871, 1272, 1343
813, 1039, 1382
9, 73, 222, 246, 871, 1023, 1149, 1381
66, 86, 656, 1251, 1412, 1417
553, 631, 668, 931, 1259, 1464
319, 403, 485, 987, 1121, 1169, 1216, 1468
214, 539, 915, 927, 946, 954, 1125, 1205, 1295
8, 258, 259, 870, 1193, 1296, 1425
281, 878, 955, 1092, 1372, 1432
24, 60, 62, 179, 558, 1015, 1183, 1184, 1362, 1429
215, 221, 245, 316, 402, 405, 490, 656, 859, 1118, 1344
127, 320, 368, 575, 578, 664, 694, 820, 1029
62, 147, 360, 780, 1016, 1072, 1448
234, 795, 844, 994, 1180, 1246, 1289, 1382, 1385, 1458
360, 1185
70, 359, 532, 690, 729, 840, 1017, 1186
71, 169, 389, 673, 1040, 1281
209, 539, 800
48, 155, 246, 283, 289, 318, 416, 631, 720, 937, 1225, 1232, 1247, 1461
39, 416, 544, 732, 867, 909, 1414
63, 543, 658, 860, 1034, 1388, 1414
86, 100, 190, 353, 604, 628, 998, 1158
215, 609, 656, 761, 994, 1018, 1070, 1185, 1186, 1459
154, 188, 194, 233, 274, 827, 883, 946, 981, 1005, 1183, 1349
14, 89, 682, 697, 839, 1017, 1253
63, 284, 311, 339, 444, 874, 877, 1276, 1385, 1411
87, 471, 1113, 1120, 1429
73, 219, 374, 1145, 1234, 1284
69, 216, 420, 1315, 1407
217, 218, 420, 592, 829, 850, 953, 1452
94, 416, 1354, 1371
221, 1037, 1327, 1471, 1474
371, 759, 855, 867, 1018, 1194, 1354, 1427, 1486
20, 204, 416, 445, 799, 874, 905, 1152, 1210, 1276
242, 297, 594, 992
83, 324, 432, 837, 1225, 1239, 1248
85, 601, 1030, 1324, 1366, 1461
220, 283, 447, 954, 1300, 1325, 1437
188, 190, 445, 471, 530, 690, 744, 799, 970, 1128, 1289, 1409
15, 138, 306, 395, 418, 513, 696, 778, 1159, 1284, 1314
283, 353, 387, 444, 470, 678, 1117, 1343, 1382, 1444
107, 335, 729, 983, 992, 1112, 1458
76, 140, 150, 319, 359
221, 412, 919, 1139
132, 274, 300, 374, 520, 571, 612, 908, 1269, 1463
255, 399, 540, 553, 598, 988
154, 221, 266, 289, 388, 420, 541, 790, 851, 855, 1026, 1118, 1209, 1241, 1474
155, 432, 1437, 1465
24, 675, 917, 934, 1105, 1159, 1236, 1313, 1382
190, 629, 950, 1145, 1234, 1346
209, 419, 539, 800, 827, 849, 855, 1033, 1314
127, 314, 382, 432, 549, 592, 1407
147, 492, 619, 651, 994, 1018, 1459
496, 681, 1121, 1231, 1367
81, 209, 391, 539, 670, 800, 874, 1116
123, 163, 553, 634, 754, 1354
93, 385, 800, 868, 879, 951, 959, 1068, 1136, 1265, 1349, 1474
673, 794, 805, 829, 849, 1004, 1469
29, 160, 808, 1170, 1191
140, 481, 578, 652, 710, 764, 837, 948, 1017, 1186
500, 1005, 1119, 1133, 1200
150, 277, 375, 778, 978, 992, 1223
118, 234, 325, 331, 344, 419, 789, 807, 1163, 1334, 1411
8, 222, 402, 571, 629, 1128, 1317, 1406
429, 772, 1003, 1039, 1054
87, 259, 471, 487, 585, 737, 1113, 1120, 1191, 1325, 1429
160, 374, 592, 662, 858, 1184, 1382, 1409
188, 214, 272, 281, 512, 571, 599, 729, 1058
17, 418, 425, 575, 1040, 1183, 1327
286, 447, 629, 1001, 1313, 1399
104, 125, 145, 421, 471, 555, 607, 884, 891, 946, 1118, 1145, 1244, 1284, 1452
348, 353, 707, 1027, 1202, 1467
101, 367, 542, 601, 832, 931, 1094, 1319, 1421
306, 808, 1043, 1126, 1127, 1168, 1252, 1387, 1428
35, 60, 63, 733, 835
139, 898, 1152, 1224, 1396, 1412
68, 104, 221, 458, 820, 861, 876, 1068, 1284, 1423
87, 170, 316, 399, 557, 571, 796, 907, 1117, 1121, 1436
125, 326, 374, 733, 747, 1374, 1475
96, 107, 382, 387, 592, 604, 631, 806, 903, 937, 1192, 1228
201, 319, 424, 444, 867, 1049, 1194, 1325, 1464
87, 123, 374, 751, 772, 1092, 1259, 1372
222, 283, 550, 592, 773, 831, 837, 901, 1073, 1119, 1411, 1431
325, 558, 571, 576, 592, 744, 1096, 1182, 1269, 1407
171, 176, 625, 1233
85, 272, 822, 934, 990
43, 228, 501, 707, 756, 858, 891, 1183, 1228
42, 255, 470, 662, 743, 1053, 1114, 1140, 1163, 1313, 1345
571, 800, 1359, 1459
127, 192, 248, 351, 425, 490, 511, 709, 772
36, 240, 265, 681, 901, 1313
336, 385, 405, 502, 1034, 1144, 1279
62, 577, 743, 853, 925, 1119
209, 259, 320, 545, 778, 817, 976, 1216, 1487, 1493
36, 97, 374, 421, 662, 815, 858, 1184, 1382, 1407, 1409
107, 112, 116, 259, 658, 881
4, 138, 246, 638, 1004, 1009, 1220, 1279
43, 163, 228, 707, 756, 1163, 1396
38, 238, 994, 1149, 1197, 1393, 1396
145, 318, 1081, 1094, 1127, 1341
178, 491, 722, 946, 1007, 1330, 1438, 1499
217, 924, 1194
0, 410, 835, 894, 1230, 1265
220, 485, 798, 883, 924, 1114, 1131, 1269, 1271, 1333
182, 263, 386, 543, 675, 807, 874, 1093, 1149
325, 416, 1090, 1163, 1164, 1334
330, 363, 482, 546, 577, 706, 871, 893, 963, 1017, 1145, 1231, 1286
36, 148, 529, 613, 709, 803, 1273, 1356
352, 578, 874, 1048, 1233, 1246
116, 259, 429, 437, 631, 1083, 1279, 1408
431, 558, 584, 599, 647, 994, 1168, 1269, 1407
221, 438, 446, 461, 795, 1417, 1458
216, 360, 673, 1015, 1043, 1089, 1159, 1412
157, 360, 583, 616, 799, 1371, 1382, 1412, 1442
134, 146, 325, 337, 425, 463, 644, 662, 970, 1042, 1371
33, 391, 549, 815, 934, 985, 1183, 1462
221, 1037, 1327, 1471, 1474
9, 520
374, 439, 821, 995, 1109
277, 543, 769, 851, 1025, 1030, 1273, 1284
14, 199, 564, 565, 1047, 1409, 1480, 1486
218, 592, 850, 953, 1452
205, 338, 809, 949, 1190, 1255, 1382
212, 813, 1054, 1132, 1133, 1218, 1234, 1412, 1419
36, 101, 318, 420, 881, 1332
179, 326, 547, 1136, 1186
17, 371, 721, 807, 1222, 1396
26, 293, 524, 568, 571, 601, 955
564, 604, 1055, 1234, 1393
126, 601, 622, 827, 1184, 1225
404, 486, 964, 990, 1127
44, 87, 514, 540, 700, 729, 1284
299, 771, 874, 981, 1311, 1332
502, 599, 730, 1407
34, 127, 131, 221, 318, 543, 674, 723, 974, 1034, 1095, 1109, 1115, 1156, 1224, 1235, 1241, 1327, 1341, 1405, 1474
100, 233, 236, 246, 738
97, 277, 472, 592, 624, 643, 747, 903
39, 152, 197, 509, 668, 720, 775, 859, 1194
90, 377, 461, 909, 1144, 1159, 1405
11, 61, 179, 325, 339, 423, 472, 778, 860, 1307, 1441, 1458
259, 595, 604, 1014, 1020
352, 514, 578, 1048, 1233, 1409
51, 1043, 1083, 1136, 1194
423, 486, 851, 1008, 1400
232, 402, 1381
709, 1351, 1409, 1464
439, 626, 764, 839, 1279, 1399, 1458
233, 318, 628, 829, 868, 1132, 1208, 1318
116, 521, 622, 670, 1042, 1141, 1184
28, 742, 1130, 1186, 1265, 1314, 1414
61, 83, 186, 416, 436, 565, 595, 709, 770, 915, 997, 1324, 1338, 1354, 1448
11, 36, 222, 722, 1411
471, 651, 994, 1116, 1214, 1240, 1475, 1486
227, 360, 425, 631, 729, 896
49, 72, 360, 545, 656, 705, 809, 1175, 1391
261, 293, 416, 1349
738, 1260, 1280, 1394, 1461, 1475
152, 399, 584, 628, 976
154, 231, 316, 398, 507, 558, 839, 896, 1247, 1475
28, 193, 353, 360, 395, 517, 828, 954, 1127, 1228, 1302, 1318, 1335
117, 416, 815, 903, 1037, 1096, 1163, 1195, 1412
123, 145, 378, 381, 471, 704, 999, 1164, 1484
119, 387, 664, 684, 696
227, 241, 738, 773, 782, 1088
192, 325, 665, 908, 1126, 1369, 1415, 1475, 1484
9, 344, 351, 598, 1252, 1331, 1372, 1493
50, 115, 125, 127, 209, 368, 402, 1269, 1427
344, 623, 1118, 1187, 1265, 1382, 1479
258, 674, 1094, 1193, 1280
169, 246, 432, 876, 1233, 1289, 1317
848, 860, 1159
20, 204, 416, 799, 1152, 1276
544, 663, 1081, 1236, 1255, 1474
5, 43, 45, 507, 554, 738, 863, 879, 1026, 1136, 1320
87, 142, 143, 496, 519, 1146, 1357
50, 78, 83, 429, 480, 523, 612, 891, 1077
95, 925, 1198, 1354
16, 221, 480, 626, 656, 799, 1343
127, 705, 1350
39, 401, 571, 833, 1018, 1119, 1436
155, 1073, 1121, 1184, 1231, 1367, 1382
36, 166, 178, 529, 613, 709, 885, 1190, 1225, 1273, 1356
14, 51, 320, 326, 461, 539, 569, 790, 1009, 1047, 1139, 1235, 1314, 1462
100, 478, 601, 707, 756, 1135, 1208, 1323, 1384
347, 501, 592, 814, 1216
89, 120, 583, 832, 870, 973, 1121, 1217, 1277
45, 903, 993, 1109, 1235, 1247
16, 132, 439, 445, 471, 855, 964, 1048, 1164, 1208, 1228
47, 87, 767, 912, 1005, 1014
331
243, 303, 405, 414, 430, 484, 485, 566, 1131, 1145, 1269
221, 493, 545, 647, 1043, 1374
612, 615, 664, 707, 744, 1047, 1409, 1412, 1475
107, 234, 667, 1051, 1411, 1451
647, 747, 817, 845, 1224, 1332, 1395, 1475
128, 311, 357, 480, 902, 1105, 1183, 1216, 1232, 1441
283, 443, 666, 1048, 1258
209, 221, 337, 432, 829, 1114, 1136
81, 86, 209, 238, 248, 539, 604, 670, 800, 861, 874, 1116, 1120, 1411
233, 316, 472, 578, 1349, 1411, 1474
36, 1030, 1072, 1256, 1459
216, 656, 791, 831, 988, 1247
83, 213, 224, 238, 674, 682, 891, 993, 1190, 1205, 1285, 1327, 1461
132, 188, 529, 821, 1183
119, 322, 330, 482, 493, 946, 1072, 1165
36, 38, 71, 339, 344, 870, 1315, 1411
623, 646, 679, 1183, 1185, 1186, 1208, 1286
146, 553, 769, 881, 1121, 1361, 1428, 1499
39, 109, 195, 306, 1019, 1452
112, 385, 507, 592, 662, 803, 1356, 1417
444, 543, 652, 771, 874, 909, 1183, 1389, 1430, 1469
123, 673, 808, 1461
368, 629, 950, 1145, 1234, 1346, 1473
221, 599, 1042, 1093, 1325
214, 806, 870
8, 63, 364, 487, 743, 852, 1343, 1463
457, 544, 566, 996, 1318, 1382
70, 833, 1126, 1474
114, 184, 214, 281, 697, 775, 908, 1081
21, 118, 429, 442, 559, 1386
34, 656, 1430, 1466
6, 63, 279, 388, 553, 709, 815, 1136, 1291
183, 234, 443, 471, 1067, 1486
238, 1197, 1239, 1396
43, 86, 184, 353, 1063, 1193, 1256
124, 129, 322, 329, 589, 832, 1040, 1169, 1268, 1313, 1414, 1492
387, 439, 873, 1014, 1194, 1275, 1304, 1382
238, 378, 625, 669, 822, 950, 1194, 1196, 1409, 1412, 1493
85, 147, 481, 523, 546, 607, 895, 1047, 1348, 1412
87, 119, 216, 238, 353, 631, 798, 902, 1320, 1326, 1403, 1464, 1477
44, 94, 231, 607, 642, 651, 738, 840, 1226, 1407, 1431, 1499
439, 459, 1039, 1283, 1475
109, 127, 247, 486, 542, 807, 992, 1194, 1230
94, 247, 317, 416, 647, 668, 1083, 1354, 1371, 1462
26, 78, 623, 656, 673, 973
229, 315, 353, 829, 863, 996, 1033, 1382
34, 36, 994, 1157, 1184, 1186
306, 543, 592, 1013, 1280
31, 89, 311, 683, 925, 1351, 1473
81, 181, 289, 586, 892, 978, 1139, 1209, 1348
93, 214, 322, 757, 884, 925, 938, 1248, 1408
28, 73, 123, 167, 189, 569, 892, 933, 1088
227, 306, 371, 374, 586, 676, 709, 846, 1085, 1116, 1170, 1186
755, 1014, 1233, 1294, 1323, 1327, 1372
263, 1009, 1072, 1094, 1217, 1302, 1326, 1371
124, 290, 740
87, 471, 759, 833, 981, 1017, 1023, 1332, 1349, 1437, 1491
154, 217, 385, 852, 1040, 1168, 1407, 1493
240, 306, 359, 395, 513, 624, 1226, 1301, 1366, 1455, 1475
116, 146, 240, 1042, 1233, 1239, 1374, 1407
89, 190, 360, 756, 782
14, 158, 184, 192, 322, 423, 477, 559, 701, 709, 988
48, 289, 607, 1088, 1095, 1236, 1371
246, 490, 1123, 1336, 1442
369, 521, 531, 722, 827, 858, 1462
7, 456, 502, 571, 1015, 1112, 1164, 1195, 1275
209, 480, 694, 708, 1026, 1048, 1275, 1325
221, 277, 799, 1253, 1424
38, 324, 511, 996, 1338, 1351, 1382
27, 69, 545, 603, 747, 855, 1269
3, 39, 144, 154, 190, 391, 645, 820, 1119, 1135, 1412, 1441, 1499
127, 602, 1145, 1225
121, 281, 472, 764, 932, 1001, 1412, 1475
147, 300, 346, 371, 400, 545, 829, 1277
16, 132, 439, 445, 471, 964, 1048, 1164, 1208, 1228
750, 832, 1071, 1163, 1300, 1424, 1466
85, 119, 319, 403, 485, 553, 927, 987, 1121, 1169, 1184, 1216, 1468
36, 218, 242, 305, 1183
119, 124, 204, 705, 921, 1269, 1319, 1386
69, 209, 316, 349, 442, 444, 566, 611, 623, 694, 707, 767, 1132, 1223, 1239
14, 29, 222, 592, 722, 1034
45, 191, 209, 371, 428, 553, 838, 1202, 1302, 1350, 1409
143, 171, 552, 938, 996, 1004, 1344, 1382
127, 285, 444, 667, 916, 1005, 1149, 1314, 1468, 1499
255, 662, 1356, 1417
222, 420, 442, 444, 491, 511, 891, 1016, 1233, 1275, 1310
544, 663, 1236, 1255, 1474
171, 613, 637, 798, 837, 981, 1121, 1458, 1467
23, 204, 721, 934, 982, 1145, 1416
57, 564, 604, 992, 1055, 1234, 1393, 1464
62, 144, 604, 945, 1006, 1016
51, 416, 443, 807, 1055, 1324, 1472, 1475
101, 416, 597, 612, 643, 769, 863, 868, 961, 974, 1018, 1313, 1333, 1374, 1382
123, 371, 877, 1273, 1468
38, 84, 106, 172, 497, 517, 625, 1030, 1034, 1228, 1234, 1241, 1351, 1409
294, 404, 507, 908, 927, 1073, 1186, 1442, 1455
3, 281, 375, 416, 565, 1054, 1404
21, 87, 242, 584, 809, 941, 1315, 1478
202, 213, 297, 374, 472, 487, 1179, 1183, 1414
296, 463, 541, 580, 808, 925, 1058, 1096, 1384, 1435, 1446, 1461
50, 135, 180, 917, 1037, 1136
5, 112, 203, 378, 806, 1235
855, 868, 874, 981, 992, 1415
85, 218, 291, 354, 420, 463, 678, 850, 953, 1452
69, 87, 171, 242, 818, 838, 1259, 1260, 1296
154, 194, 233, 274, 437, 592, 647, 699, 733, 827, 883, 946, 981, 1119, 1183, 1216, 1222, 1349
7, 582, 709, 808, 852, 1008, 1014, 1281, 1351, 1407, 1459, 1483
442, 540, 904, 961, 1127, 1371
52, 86, 89, 283, 300, 306, 391, 518, 527, 937, 950, 966, 1089, 1359
48, 191, 767, 806, 976, 1132
374, 477, 682, 1294, 1396
9, 28, 268, 281, 500, 516, 614, 674, 706, 739, 784, 909, 981
63, 151, 293, 395, 592, 966, 1229, 1371, 1396
55, 425, 545, 547, 603, 628, 676, 832, 849
147, 300, 772, 1007, 1082, 1115, 1118, 1147, 1458, 1475
107, 377, 520, 790, 889, 902
3, 20, 260, 374, 709, 1133, 1143, 1248, 1279, 1313, 1464
319, 380, 744, 1225, 1302
29, 132, 607, 715, 729, 846, 870, 1389, 1468
108, 137, 159, 318, 560, 931, 1048, 1372, 1386
374, 794, 1179, 1399, 1444
182, 403, 439, 521, 821, 851, 1034, 1228
247, 1094, 1382, 1405, 1412
138, 622, 652, 973, 1294, 1411
192, 343, 392, 425, 459, 592, 640, 740, 744, 773, 1036, 1042, 1411
471, 651, 994, 1116, 1214, 1240, 1475, 1486
116, 381, 445, 759, 799, 855, 1183
152, 584, 628, 976
70, 833, 863, 1126, 1474
144, 182, 432, 521, 795, 871, 1184, 1228
114, 160, 222, 418, 541, 575, 699, 783, 891, 1269, 1409
49, 682, 1182, 1259, 1461, 1468
63, 76, 319, 326, 359, 1471
29, 319, 631, 644, 806, 883, 899, 1187, 1264
100, 117, 520, 598, 610, 923, 1037, 1372, 1412
51, 154, 527, 867, 981, 1233
116, 248, 842, 1226, 1498
127, 690, 730, 828, 1196, 1263, 1371, 1407
595, 929
860
331, 369, 444, 451, 981, 1165
709, 1026, 1184, 1411
63, 289, 545, 624, 996, 1025, 1464
471, 585, 586, 866, 902, 1159, 1197
11, 69, 344, 360, 686, 938, 1042, 1105
300, 319, 474, 538, 607, 895, 1275, 1315
127, 230, 800
543, 1331, 1396
106, 112, 267, 585, 1021, 1107
127, 140, 425, 439, 459, 949, 1039, 1283, 1475
3, 148, 391, 679, 688, 765, 1002, 1104, 1107, 1108, 1131, 1238, 1269, 1363
277, 631, 707, 769, 1396
188, 242, 377, 586, 682, 827, 1105, 1141, 1236, 1327, 1454
2, 11, 87, 155, 241, 336, 432, 455, 1039, 1170, 1343, 1428
85, 220, 222, 415, 1040, 1129, 1183, 1348, 1399
83, 325, 405, 543, 845, 1197
123, 204, 347, 527, 592, 814, 1183, 1216, 1401, 1479
124, 290, 740
69, 227, 938, 1119, 1141
171, 451, 682, 783, 1127, 1269
34
83, 144, 472, 598, 657, 1077, 1422
88, 272, 482, 643, 953, 996, 1118, 1384, 1475
527, 1072, 1217, 1302, 1326, 1349
307, 320, 437, 473, 497, 553, 990, 1250, 1276
71, 83, 482, 709, 1432
106, 142, 147, 364, 368, 522, 592, 729, 806, 875, 901, 1292
178, 259, 293, 480, 775, 1147
36, 199, 240, 402, 1003, 1066, 1474
182, 280, 350, 527, 599, 879, 903, 1003
374, 455, 545, 612, 662, 673, 1168
338, 561, 1032, 1136, 1210, 1474
17, 68, 80, 272, 319, 826, 909, 1234, 1329, 1388, 1466
259, 487, 733, 782, 874, 1095, 1170, 1327, 1474
109, 575, 577, 910, 956, 1259
135, 360, 853, 914, 1147, 1194, 1318, 1407
222, 247, 371, 722, 905, 937, 946, 1428
338, 445, 568, 718, 722, 1093, 1213, 1364
463, 866, 873, 874, 1269, 1280, 1318, 1475
33, 48, 419, 471, 795, 933, 1354, 1399
3, 289, 324, 331, 338, 405, 538
29, 432, 553, 595, 938, 989, 1344, 1443
87, 753, 1138
1001
61, 70, 501, 798, 924, 1067, 1183, 1191, 1428
150, 328, 337, 466, 764, 1130, 1144, 1183, 1398
29, 764, 877, 1039, 1052, 1054, 1085, 1216, 1396
94, 281, 539, 553, 1026, 1174, 1196, 1466
93, 403, 582, 595, 1056, 1218, 1265
127, 529, 631, 707, 827, 849, 1233, 1269, 1373
144, 207, 238, 412, 797, 1072, 1347
69, 83, 377, 539, 553, 755, 891, 1294, 1296, 1323, 1327, 1372
246, 277, 722, 1346
234, 795, 844, 994, 1180, 1246, 1289, 1382, 1385, 1458
336, 347, 482, 500, 649, 863
274, 652
36, 103, 240, 265, 1386
51, 154, 316, 325, 439, 670, 800, 1183
154, 217, 385, 1040, 1168, 1407, 1493
221, 438, 446, 461, 795, 1417, 1458
9, 220, 472, 1026
456, 571, 1018, 1181, 1480
294, 404, 507, 908, 927, 1073, 1186, 1405, 1442, 1455
39, 192, 803, 914, 1180, 1435
43, 163, 228, 531, 707, 756, 858, 1014, 1095, 1163
36, 353, 514, 613, 1136, 1169, 1319, 1428
3, 1037, 1156, 1236, 1240, 1289
201, 604, 805, 909, 1372
33, 549, 822, 871, 931, 985, 1138, 1183, 1462
87, 119, 216, 238, 353, 631, 798, 902, 1320, 1326, 1403, 1464, 1477
123, 276, 329, 444, 771, 909, 1023, 1313
34, 377, 764, 871, 930, 1384
186, 764, 808, 828, 1408
319, 603, 656, 682, 1487
87, 107, 214, 850, 901, 905, 1164, 1299
35, 102, 209, 283, 368, 660, 909, 969, 1168, 1233, 1474
240, 241, 421, 560, 963, 1183
222, 439, 444, 871, 999
76, 140, 150, 319, 359
254, 267, 910, 1081, 1314, 1319
293, 348, 416, 420, 470, 1036
221, 268, 631, 931, 978, 1003, 1007, 1216, 1409
222, 473, 501, 595, 803, 943, 1023, 1070, 1239, 1256, 1385, 1416
186, 470, 575, 647, 674, 678, 717, 988, 1124, 1444
33, 391, 549, 815, 934, 985, 1183, 1462
16, 416, 471, 571, 656, 1040, 1187, 1280, 1385
214, 963, 997, 1003, 1118
51, 319, 584, 1193, 1448
109, 281, 318, 437, 568, 575, 577, 601, 612, 799, 910, 956, 1003, 1023, 1136, 1259
388, 553, 747, 773, 926, 988, 995, 1034, 1334, 1414, 1473
624, 738, 772, 1003, 1015, 1039
31, 89, 311, 683, 925, 1473
222, 629, 981, 1281
138, 221, 377, 403, 724, 956, 994, 1071, 1314, 1394
124, 517, 963, 973, 1317
325, 623, 625, 790, 860, 901, 1054, 1183, 1300, 1304, 1499
247, 317, 647, 668, 1083, 1095, 1462
61, 189, 344, 377, 418, 538, 1030, 1121, 1144, 1219, 1258
193, 571, 1109, 1170, 1193, 1250, 1464
192, 682, 1127
359, 673, 1412
338, 395, 445, 568, 718, 722, 1093, 1364
8, 119, 352, 387, 561, 664, 684, 696, 1204, 1230
93, 554, 572, 631, 1116, 1152, 1233, 1405
115, 209, 238, 619, 912, 1060, 1202, 1206, 1399
101, 504, 931, 1116
127, 285, 667, 1314, 1468, 1487
321, 617, 690, 1030, 1277, 1373
169, 521, 881, 1088, 1327, 1485
154, 194, 233, 274, 592, 827, 883, 946, 981, 1183, 1349
123, 289, 364, 561, 709, 738, 805, 1372, 1382, 1485
35, 43, 578, 701, 912, 1258, 1384, 1385
325, 455, 662, 850, 1174, 1412
571, 785, 848, 892, 958, 1159
247, 517, 753
13, 168, 294, 689, 812, 1005, 1042
95, 100, 478, 601, 707, 1023, 1135, 1208, 1323, 1384
36, 286, 344, 395, 421, 520, 1030, 1147, 1276
80, 93, 119, 646, 790, 920, 1292, 1435
338, 568, 820, 1205, 1348, 1352
17, 344, 832, 870, 1225
117, 241, 308, 400, 696, 1184
114, 160, 222, 418, 541, 575, 699, 783, 891, 1269, 1384, 1409
25, 186, 800, 870, 947, 996, 1094, 1136, 1152
707, 783, 948, 1169
132, 221, 387, 439, 1194, 1238, 1275, 1304, 1411
679, 931, 1018, 1312
274, 414, 437, 746, 891, 963
300, 415, 470, 494, 586, 1004, 1095, 1125, 1190, 1239, 1289, 1341
190, 368, 629, 950, 1145, 1234, 1346, 1473
34, 127, 131, 133, 284, 307, 511, 543, 674, 709, 974, 1115, 1178
154, 188, 194, 274
98, 106, 647, 946, 1196, 1223, 1233
364, 400, 432, 543, 798, 917, 1023
55, 154, 547, 832, 1346
48, 106, 710, 724, 1005, 1126, 1196, 1382, 1383, 1436, 1467, 1483
321, 617, 690, 1030, 1277, 1373
17, 39, 401, 571, 575, 833, 1018, 1119, 1436
66, 116, 248, 709, 842, 992, 1194, 1226, 1498
137, 186, 198, 699, 759, 1117, 1366
490, 1042, 1121, 1153, 1171, 1233, 1316, 1325
246, 601, 752, 759, 1023, 1175, 1493
43, 163, 228, 559, 707, 756, 1163, 1396
38, 43, 287, 707, 858, 1239, 1252, 1324
107, 416, 432, 443, 459, 592, 610, 896, 909, 914, 1301, 1328, 1382, 1486
71, 83, 482, 1394, 1432
227, 354, 445, 482, 577, 682, 699, 819, 1096, 1387
9, 192, 395, 425, 540, 908, 1131, 1202, 1211, 1213
90, 234, 912, 1159, 1248, 1405
331, 371
38, 182, 720, 954, 973, 1183, 1443
93, 444, 497, 592, 851, 902, 1009, 1338
91, 684, 827, 1145, 1166, 1236
29, 589, 622, 877, 1037, 1113, 1224, 1349, 1404
87, 203, 418, 577, 994
231, 553, 808, 855, 910, 930, 1095, 1233, 1269, 1443, 1499
215, 335, 609, 761, 1185
232, 1135, 1144, 1292, 1386
67, 147, 335, 456, 565, 648, 724, 930, 1281, 1384
26, 71, 310, 516, 577, 619, 867, 976, 1216, 1324, 1401
89, 168, 444, 566, 1019, 1333
93, 182, 592, 851, 1009, 1050, 1183, 1216, 1338, 1374, 1407
34, 242, 364, 448, 634, 834, 863, 1023, 1111
71, 339, 344, 368, 543, 628, 917, 1039, 1158, 1332
171, 193, 484, 1025, 1216, 1225, 1411, 1452
170, 592, 828
317, 399, 471, 555, 575, 799, 1212, 1284, 1294, 1341
298, 329, 553, 570, 594, 662, 837, 992, 1015, 1250
79, 119, 166, 572, 663, 786, 1152, 1320
192, 213, 798, 925, 1208, 1406, 1428
423, 486, 851, 1008, 1400
761, 982, 1082, 1140
81, 289, 586, 892, 978, 1139, 1348
9, 34, 618, 677, 686, 1315, 1349, 1386
465, 752, 903
33, 154, 160, 292, 399, 437, 1014, 1118
412, 656, 717, 907, 986, 1153, 1264
729
36, 240, 265, 668, 681, 901, 1313, 1386
112, 117, 119, 907, 1206
21, 26, 154, 179, 320, 326, 423, 447, 547, 806, 934, 1007, 1160, 1186
71, 421, 837, 1092, 1276, 1371
182, 263, 386, 543, 675, 807, 874, 1093, 1149
71, 344, 486, 543, 783, 917, 1131, 1149, 1158
83, 147, 480, 891, 898, 963, 1077, 1127
38, 101, 534, 572, 592, 750, 1017, 1289, 1315, 1380
171, 625, 652, 894, 1136, 1233, 1432
36, 116, 277, 783, 817, 1354, 1382
38, 93, 388, 437, 483, 806, 827, 877, 988
36, 269, 1048, 1258, 1341
114, 729, 879, 917, 974, 1014, 1113, 1145, 1472
29, 179, 326, 547, 929, 938, 1162, 1186
171, 217, 281, 552, 721, 837, 938, 1039, 1155, 1195, 1214, 1311
21, 36, 87, 221, 500, 920
227, 247, 405, 611, 722, 934, 998, 1217
80, 414, 416, 464, 683, 815, 874, 885, 893, 1249, 1321, 1432
63, 325, 368, 485, 601, 935, 973, 1188, 1250, 1493
45, 83, 138, 227, 237, 246, 293, 364, 577, 676, 682, 1096, 1102, 1163, 1259, 1269, 1296, 1405
248, 670, 859, 905, 1278
72, 97, 221, 281, 335, 860, 925, 1448
622, 756, 1458, 1465
48, 109, 171, 1042, 1338, 1361
168, 237, 926, 1040, 1220, 1319
40, 529, 814, 1228
17, 62, 443, 472, 524, 571, 601, 647, 800, 868, 1014, 1092
1294, 1327
47, 319, 444, 521, 613, 863, 1103, 1159, 1205, 1442
1186, 1233
108, 117, 441, 707, 1104, 1153, 1375, 1424
555, 612, 647, 840, 961, 1163, 1445
647, 667, 1239, 1384
171, 347, 482, 500, 649, 806, 871, 1268, 1467
521, 1017, 1039, 1040, 1246, 1420
63, 571, 709, 778, 925, 1190, 1384
238, 520, 527, 846, 1458
238, 378, 625, 669, 822, 1194, 1412, 1493
8, 63, 364, 487, 1343, 1463
148, 198, 459, 617, 808, 814, 963, 1193, 1224, 1463
402, 447, 699, 961, 996, 1144, 1373, 1432
38, 80, 154, 582, 992, 1156, 1186, 1428
44, 247, 286, 390, 438, 516, 707
23, 132, 592, 652, 669, 871, 1023, 1116, 1117, 1144, 1174, 1382, 1462
81, 470, 521, 578, 662, 1278, 1333, 1464
338, 445, 568, 718, 722, 1093, 1364
67, 648, 925, 953, 1144
25, 47, 55, 222, 274, 422, 592, 622, 936, 960, 1093, 1233, 1289, 1412, 1441
201, 323, 524, 974, 1200, 1253
222, 233, 669, 787, 851, 870, 1058
124, 148, 442, 471, 829, 990, 1136, 1164, 1300
31, 319, 424, 444, 563, 601, 867, 1039, 1325
1217, 1356, 1371, 1470
241, 855, 951, 978, 1121, 1187, 1280
238, 520, 527, 780, 846, 904, 990, 1094, 1458
132, 150, 414, 813
234, 403, 496, 553, 647, 709, 952, 1384, 1468, 1475
317, 471, 575, 799, 1212, 1294, 1341
399, 577, 601, 624, 634, 791, 910
289, 459, 903, 1067, 1354
127, 221, 320, 445, 508, 578, 664, 799, 948, 1411
350, 601, 764, 931, 1228, 1280
71, 623
38, 101, 1116, 1175, 1416
97, 335, 514, 1003, 1327, 1349
329, 455, 1059, 1323
472, 603, 1276, 1458
326, 338, 374, 490, 690, 704, 806, 909, 1105, 1136, 1276
104, 227, 309, 543, 614, 720, 736, 929, 1159, 1234, 1252, 1280, 1435
63, 316, 628, 664, 797, 807, 1081, 1483, 1488
319, 699, 703, 1246
444, 487, 500, 571, 744, 859, 1072
595, 701, 807, 808, 1008, 1039, 1354, 1384, 1422
39, 47, 51, 89, 191, 920, 921, 981, 1136, 1259, 1458
106, 321, 417, 730, 753, 755, 1092, 1132, 1316
132, 169, 273, 557, 660, 980, 1119
255, 267, 733, 829, 1136, 1162, 1280, 1296
86, 180, 259, 292, 480, 518, 607, 652, 805
69, 242, 360, 938, 1042, 1105
335, 399, 406, 539, 623, 699, 994, 1406, 1494
109, 322, 575, 577, 799, 827, 910, 956, 1073, 1259, 1462, 1483
43, 163, 228, 707, 756, 1163, 1396
52, 236, 388, 806, 827, 877, 1147
335, 875, 1384, 1412
153, 360, 459, 518, 1285
849, 925, 1356
63, 170, 419, 521, 879, 1308
148, 472, 803, 829, 859, 1186
374, 607, 644, 783, 828, 1133, 1136, 1295, 1341, 1445
119, 226, 348, 396, 432, 524, 785, 852, 1234
87, 229, 432, 436, 555, 589, 764, 1086, 1339, 1407
267, 339, 675, 829, 955, 1018, 1275
72, 118, 229, 281, 300, 327, 374, 546, 674, 675, 705, 885, 937, 948, 966, 975, 1099, 1354, 1461, 1469, 1487
119, 120, 204, 490, 524, 871, 974, 1119, 1315, 1372, 1451
500, 674, 706, 739, 784, 909, 981
62, 95, 472, 569, 612, 1356, 1437
43, 163, 228, 559, 707, 756, 1163, 1396
169, 540, 571, 673, 903, 1156, 1206
21, 229, 684, 994, 1182, 1194, 1324
107, 540, 699, 937, 946, 1216, 1316
80, 176, 221, 492, 646, 1036, 1176, 1407
11, 71, 102, 152, 241, 336, 461, 770, 871, 973, 994, 1208, 1231, 1262, 1344, 1428
87, 471, 506, 555, 656, 759, 1023, 1391
255, 743, 1053, 1239, 1345
62, 577, 743, 853, 925, 996, 1119
145, 346, 403, 570, 703, 718, 1334
339, 363, 1094, 1468
329, 402, 404, 516, 1269
35, 85, 104, 558, 735, 966, 1034, 1273, 1366
803, 806, 868, 1085, 1149, 1193
0, 17, 132, 604, 688, 799, 808, 914, 938, 1047, 1124, 1160, 1284, 1404, 1471
11, 102, 241, 336, 973, 994, 1208, 1231, 1344, 1428
51, 378, 456, 699, 930, 1100, 1194, 1289
85, 87, 291, 405, 981, 1115
20, 86, 418, 771, 815, 937, 964, 1067, 1202, 1404
10, 775, 890, 931, 1224, 1228, 1259
147, 162, 227, 336, 604, 781, 1313
17, 391, 486, 603, 679, 747, 1363
68, 112, 150, 347, 487, 501, 524, 571, 767, 820, 828, 871, 1297
48, 217, 403, 896, 1083, 1129, 1458
19, 95, 273, 430, 444, 555, 652, 710, 994, 1239, 1289
89, 112, 1112, 1233
283, 319, 550, 592, 623, 773, 837, 870, 890, 901, 1005, 1073, 1145, 1411
188, 652, 877, 884, 1186, 1198
61, 377, 607, 877, 1073
193, 283, 448, 521, 661, 697, 721, 753, 759, 770, 979, 1067, 1135, 1176, 1411
289, 707, 721, 1107, 1232, 1269, 1300
7, 104, 112, 456, 753, 828, 1168, 1464
3, 125, 242, 502, 511, 729, 902, 1059
132, 325, 518, 589, 1225, 1269, 1383
38, 118, 374, 601, 701, 821, 973, 1165, 1279, 1334, 1452, 1473
182, 729, 931, 1232, 1259, 1464, 1467
283, 487, 992, 1013, 1208
6, 63, 279, 388, 446, 553, 815, 1291
132, 444, 494, 656, 1289
66, 193, 201, 230, 293, 588, 786, 1159, 1228
109, 205, 222, 354, 410, 471, 662, 925, 1178, 1207, 1313, 1413
300, 538, 607, 1275, 1315
255, 414, 599, 1474
931, 1089, 1385, 1428
1005, 1186, 1275, 1360
17, 80, 87, 127, 326, 443, 500, 571, 773, 787, 833, 938, 1008, 1436
240, 306, 359, 395, 513, 624, 1226, 1301, 1366, 1455, 1475
240, 827, 1073, 1480
86, 100, 190, 353, 604, 628, 998, 1158
51, 247, 260, 374, 709, 859, 877, 883, 1202, 1248, 1279, 1324, 1411, 1431, 1463, 1475
10, 119, 657, 789, 1292
63, 284, 311, 339, 444, 874, 877, 1385, 1411
222, 318, 481, 771, 1304, 1346, 1372
166, 374, 510, 592, 778, 903, 1155, 1273, 1386
209, 545, 677, 698, 778, 1149, 1328, 1477
118, 191, 435, 775, 1118
87, 140, 318, 553, 868, 988, 1145
325, 490, 500, 631, 656, 939
101, 471, 477, 557, 902, 948, 1155
117, 484, 668, 984
33, 71, 387, 737
23, 886, 1060, 1202
127, 207, 602, 889, 1132, 1145, 1225, 1385
240, 241, 299, 421, 560, 963, 1183
339, 709, 765, 807, 938, 954, 1156, 1224, 1229, 1276, 1286, 1289, 1401, 1421
7, 293, 647, 699, 707, 996, 1107
570, 720, 733, 1040, 1419
87, 103, 179, 329, 994, 1351, 1366
464, 674, 771, 784, 909, 981, 1243
119, 247, 371, 722, 905, 946, 1313
50, 188, 214, 344, 512, 519, 604, 871, 1032, 1121, 1334
649, 703, 715, 1068, 1095, 1164, 1207, 1407, 1465, 1487
28, 86, 110, 140, 240
21, 50, 135, 180, 917, 1037, 1136, 1481
214, 247, 514, 579, 620, 715, 1119, 1186, 1241, 1275, 1281
89, 112, 524, 571, 871
125, 524, 601, 647, 835, 924, 1121, 1232, 1258, 1271
238, 432, 442, 459, 575, 1190
281, 709, 806, 1208, 1275, 1451
199, 1047, 1409, 1480, 1486
577, 871, 1399
9, 73, 421, 507, 835, 956, 1030
14, 26, 140, 222, 395, 771, 1042, 1183, 1477
13, 26, 93, 169, 233, 418, 572, 820, 1273, 1300
608, 855, 902, 934, 1071, 1461
335, 859, 875, 1384, 1409, 1412
35, 281, 319, 374, 432, 772, 932, 1032, 1093, 1195, 1217, 1356, 1405, 1470
148, 274, 347, 863, 1039, 1116
155, 446, 592, 764, 779, 800, 828, 994, 1008, 1039, 1114
1170, 1341
38, 252, 319, 432, 556, 586, 811, 856, 1023, 1234, 1252
123, 190, 276, 444, 572, 771, 909, 1014, 1023, 1214, 1271
23, 69, 87, 171, 439, 553, 1260, 1279, 1458
338, 395, 445, 568, 718, 722, 1093, 1213, 1364
176, 238, 353, 423, 480, 674, 789, 996, 1007, 1141, 1302, 1314, 1370
190, 501, 676, 787, 1159, 1412
38, 132, 169, 259, 437, 486, 595
81, 553, 647, 905, 1283
447, 825, 909
138, 229, 327, 622, 673, 973, 1130, 1264, 1337, 1461
194, 233, 385, 612, 883, 946, 981, 1183, 1230, 1247
100, 124, 354, 878, 1292, 1382, 1443, 1473
144, 183, 571, 619, 737, 951, 1154, 1233, 1445, 1473, 1486
49, 59, 93, 863, 1003, 1117, 1411, 1451
48, 360, 395, 518, 646, 863, 909, 934, 988, 1023, 1289, 1399
135, 146, 377, 415, 432, 439, 446, 543, 565, 578, 1160, 1268, 1459
89, 97, 147, 201, 323, 442, 613, 720, 775, 857, 1157, 1194, 1366
213, 430, 722, 1170, 1269, 1343
170, 374, 412, 487, 1370
81, 582, 1160, 1259
320, 665, 738, 798, 1452
85, 154, 232, 471, 518, 558, 689, 722, 728, 871, 1018, 1127, 1184, 1188, 1312, 1319
344, 351, 598, 1252, 1331, 1372, 1493
338, 718, 1093, 1213, 1364
182, 231, 745, 925, 1366
132, 612, 1186, 1188, 1276
86, 274, 764, 943, 962, 1026, 1234, 1286
150, 221, 547, 568, 571, 1179, 1408
14, 221, 293, 477, 1017, 1068, 1440
468, 490, 852, 1233, 1361, 1445
582, 931, 1089, 1160, 1259
36, 127, 319, 576, 1224, 1372, 1486
222, 233, 787, 851, 1467
39, 49, 124, 140, 429, 555, 764, 934, 974, 1029, 1118, 1279, 1401
139, 328, 360, 405, 412, 668, 1233, 1250, 1257, 1318, 1499
23, 669, 871, 1174, 1462
103, 572, 806, 962, 998, 1023, 1039, 1483
120, 202, 374, 405, 446, 580, 643, 658, 1183, 1233
146, 207, 259, 491, 544, 561, 1184, 1382
36, 486, 559, 563, 769, 934, 1054, 1079, 1109
36, 499, 709, 732, 1084, 1101, 1112, 1240, 1343, 1443
63, 289, 545, 624, 996, 1025, 1464
255, 769, 1030, 1047, 1136, 1374
36, 97, 155, 272, 419, 506, 673, 803, 837, 1042, 1354
154, 1042, 1324
412, 592, 736, 800, 1119, 1230, 1350, 1409
414, 416, 443, 459, 553, 649, 870, 924, 1014, 1472
21, 70, 803, 974, 1325, 1394
100, 246, 582, 603, 700, 1233, 1333, 1409
109, 186, 259, 306, 582
45, 371, 428, 553, 1302, 1350
98, 234, 391, 460, 463, 540, 671, 950, 990, 1092, 1096, 1159, 1294, 1331, 1428, 1467
52, 193, 521, 634, 875, 909, 937, 974, 1031, 1351, 1436
14, 783, 873, 1017, 1159, 1214, 1481, 1484
246, 490, 545, 1336, 1442
154, 558, 689, 871, 1018, 1127, 1312, 1319
75, 266, 676, 837, 850, 1086, 1349, 1382, 1427
80, 575, 709, 835, 1217, 1324, 1356
90, 182, 324, 520, 524, 644, 1231, 1286
555, 612, 647, 840, 961, 1163, 1445
442, 904, 961, 1127, 1139, 1272, 1371
159, 191, 477, 612, 733, 805, 1094, 1286
118, 138, 214, 483, 870, 1236, 1240, 1382, 1424, 1468
545, 756, 1087, 1236, 1277
20, 204, 416, 799, 874, 1152, 1276
246, 490, 545, 1123, 1336, 1442
85, 161
221, 237, 707, 803, 853, 996, 1284, 1414
5, 124, 246, 472, 1316, 1331, 1386
155, 344, 449, 705, 1143, 1226, 1385
300, 444, 538, 629, 656, 963, 1188, 1384
63, 136, 216, 281, 289, 405, 472, 701, 724, 808, 938, 946, 996, 1026, 1352, 1386, 1428
38, 308, 340, 377, 572, 697, 991, 1127, 1135, 1175, 1194, 1226, 1247, 1302
222, 385, 652, 678, 808, 950, 979
171, 483, 493, 683, 813, 830, 954
150, 420, 469, 575, 722, 923, 985, 1147, 1164, 1167, 1343
81, 289, 344, 424, 568, 881, 1163, 1197, 1435, 1443
119, 446, 694, 852, 1165, 1428
8, 217, 246, 580, 834, 909, 1136, 1372
74, 83, 246, 554, 599, 662, 832, 863, 1121, 1374, 1473
66, 764, 806, 1019
87, 140, 318, 553, 868, 988, 1145
69, 118, 442, 623, 694, 767
23, 344, 622, 666, 709, 815, 1042
89, 539, 959, 1015, 1277, 1382
160, 372, 1184, 1288, 1432
69, 83, 377, 518, 539, 718, 798, 891
107, 123, 385, 440, 520, 534, 824, 892, 1074, 1092, 1324, 1406
144, 207, 238, 412, 797, 1072, 1347
664, 694, 741, 1029
468, 490, 852, 1233, 1361, 1445
8, 117, 233, 291, 316, 652, 687, 1276
38, 83, 127, 283, 339, 444, 764, 1014, 1135, 1240, 1243, 1294, 1409
69, 73, 325, 580, 1275
679, 817, 1018, 1067, 1130, 1186, 1233, 1349
221, 729, 889, 993, 1136, 1294, 1479
11, 155, 241, 336, 432, 1343, 1428
47, 51, 72, 89, 920, 1136
241, 416, 449, 456, 547, 598, 644, 662, 674, 860, 1054, 1076
29, 246, 644, 863, 986, 1023, 1328, 1464
656, 1316
217, 404, 592, 717, 771, 903, 1019, 1039, 1425
63, 289, 545, 624, 996, 1025, 1464
8, 11, 283, 361, 638, 800, 1160, 1175
106, 147, 300, 346, 371, 400, 829, 1277
170, 521, 610, 781, 981, 1083, 1130, 1240, 1269, 1469, 1487
531, 603, 885, 1023
83, 482, 709, 1394, 1432
83, 582, 871, 1160, 1259
73, 123, 167, 188, 189, 821, 892
263, 1351
364, 647, 849, 1292, 1386, 1424, 1478
39, 43, 82, 446, 518, 531, 537, 545, 889, 892, 894, 931, 1314, 1384
61, 455, 500, 664, 1014, 1151, 1327, 1361
259, 375, 395, 951, 1059, 1236, 1274, 1468
13, 20, 109, 219, 764, 903, 931, 1019, 1086
647, 667, 937, 1163, 1197
191, 435, 443, 653, 775, 1070, 1118
935, 1332, 1338
87, 103, 179, 329, 994, 996, 1351, 1354, 1366
137, 274, 360, 412, 471, 497, 554, 571, 634, 782, 868, 1119, 1189
154, 163, 444, 1228, 1268
152, 217, 385, 808, 873, 1040, 1238, 1475, 1493
144, 207, 238, 412, 797, 1072, 1347
72, 592, 801, 1147, 1340
11, 78, 402, 487, 612, 677, 941, 1304, 1437
87, 471, 506, 555, 759, 799, 1023, 1349
286, 344, 720, 756, 855, 1005, 1373, 1483
221, 628, 800, 875, 1085, 1159
179, 281, 978, 1144, 1190, 1205, 1408
100, 117, 520, 598, 610, 923, 1037, 1372, 1412
123, 502, 571, 711, 1034, 1092, 1225, 1228, 1394
169, 400, 648, 750, 753, 858, 884, 1481
213, 430, 722, 1170, 1269, 1343
63, 316, 628, 664, 797, 807, 1081, 1483, 1488
721, 1276, 1326, 1334
166, 374, 510, 592, 778, 903, 1155, 1273, 1386
87, 99, 316, 402, 471, 722, 988, 1030, 1187, 1286, 1385, 1487
501, 592, 1372, 1441
43, 191, 766, 1183
13, 85, 109, 112, 219, 509, 530, 568, 676, 829, 859, 1019, 1086, 1443, 1457
227, 870, 1292, 1385, 1487
272, 822, 1008, 1068, 1235, 1275, 1366
170, 221, 493, 647, 814, 929, 941, 1047, 1191, 1236, 1252, 1332, 1431
114, 135, 261, 538, 729, 879, 917, 974, 1014, 1113, 1145, 1396, 1472
38, 59, 66, 298, 377, 481, 538, 720, 822, 954, 1042, 1121, 1194, 1420
40, 96, 198, 207, 319, 403, 485, 580, 987, 1149, 1169, 1325, 1399, 1468
33, 319, 539, 547, 578, 584, 1008, 1193, 1195
100, 147, 183, 255, 267, 286, 664, 707, 829, 831, 1136, 1252, 1280, 1283, 1284, 1301
127, 221, 320, 445, 508, 578, 664, 799, 948, 1411
402, 653, 915, 1188
170, 221, 493, 647, 814, 929, 941, 1047, 1191, 1236, 1252, 1332, 1374, 1431
13, 20, 109, 219, 764, 903, 931, 1019, 1086
38, 48, 245, 369, 507, 563, 626, 629, 922, 1302, 1334, 1436
162, 173, 193, 294, 461, 707, 1138, 1208, 1300
482, 524, 729, 731, 837, 896, 1233, 1242, 1284, 1469
124, 477, 1091, 1183
95, 577, 603, 638, 659, 790, 808, 988
208, 227, 682, 692, 832, 893, 903, 959, 1054, 1117, 1183, 1260, 1262, 1386, 1407, 1484
48, 63, 710, 1005, 1382, 1383, 1436
101, 545, 573, 988, 1093, 1265, 1349
81, 364, 673, 1018, 1043, 1269, 1279, 1405
150, 221, 547, 568, 571, 1179, 1408
53, 871, 1040, 1163, 1253, 1280
53, 277, 553, 772, 959, 1015, 1140, 1311, 1382, 1388, 1397
11, 155, 241, 336, 432, 1343, 1428
11, 188, 399, 521, 973, 1160, 1193, 1319, 1451, 1494
75, 717, 1088, 1094, 1325
60, 145, 192, 647, 738, 962, 1216, 1217, 1323
102, 368, 969, 1168, 1233, 1474
353, 477, 1128, 1239, 1276, 1409, 1446
19, 234, 471, 539, 690, 778, 1018, 1135
180, 923
233, 482, 555, 662, 771, 1042, 1174, 1313, 1409, 1468, 1486
119, 222, 247, 371, 722, 905, 937, 946, 1428
135, 259, 377, 415, 432, 439, 446, 518, 538, 543, 565, 578, 669, 784, 797, 962, 1160, 1268, 1459
17, 168, 340, 432, 1031, 1114, 1225, 1271
86, 144, 238, 248, 319, 707, 721, 861, 1183, 1407, 1411
209, 444, 790, 1240, 1454
97, 277, 472, 592, 624, 643, 747, 903
47, 127, 261, 405, 418, 428, 432, 527, 577, 583, 647, 679, 747, 846, 996, 1059, 1135, 1194, 1338, 1411
112, 259, 437, 847, 895, 909, 1145, 1155, 1183, 1321, 1424, 1439
73, 337, 463, 644, 948, 970, 1018, 1042, 1085, 1217, 1343, 1371, 1454
8, 36, 255, 673, 855, 962, 1412
121, 199, 238, 283, 385, 671, 798, 1026, 1312, 1354
541, 753, 772, 1039, 1274, 1276, 1408, 1461, 1468
123, 289, 364, 561, 709, 738, 805, 1372, 1382, 1485
40, 96, 198, 207, 580, 1149, 1219, 1325
187, 1043, 1126, 1209, 1387, 1401, 1428
577, 722, 828, 1139, 1224, 1498
73, 150, 219, 247, 374, 546, 973, 1037, 1086, 1145, 1214, 1216, 1234, 1267, 1284
38, 129, 147, 238, 255, 318, 592, 624, 668, 727, 820, 874, 934, 1008, 1241, 1452, 1498
539, 876, 1190, 1415, 1423
23, 886, 1060, 1202
751, 1113, 1221
233, 344, 421, 664, 909, 966, 1071, 1183
300, 500, 750, 772, 1071, 1082, 1115, 1163, 1300, 1424
86, 100, 190, 353, 604, 628, 998, 1158
69, 83, 281, 456, 894, 902, 904, 1034, 1408
191, 333, 817, 891, 1059, 1356
36, 439, 829, 1118, 1156, 1385
268, 721, 764, 1042, 1082, 1276, 1334, 1407
337, 403, 459, 664, 915, 1014
81, 123, 209, 391, 517, 539, 670, 734, 800, 810, 874, 961, 1116, 1233, 1313
45, 227, 577, 682, 1096, 1102, 1163, 1224
688, 814, 1325, 1334, 1335, 1405
155, 344, 449, 705, 1143, 1226, 1385
214, 539, 915, 927, 954, 1125, 1205, 1295
416, 875
108, 757, 829, 885, 1144, 1248
222, 360, 439, 444, 480, 656, 670, 731, 769, 871, 999, 1116, 1183, 1194, 1408, 1411
80, 131, 258, 293, 643, 870, 874, 961, 973, 1296, 1367
80, 193, 283, 298, 471, 477, 661, 721, 753, 770, 799, 995, 1135, 1176, 1346, 1369, 1411
272, 289, 428, 915, 1181, 1283
45, 132, 539, 571, 756, 764, 825, 871, 1097, 1112, 1188, 1459
54, 467, 572, 828, 1018, 1153, 1240, 1286, 1458
63, 170, 419, 521, 879, 924, 1308
144, 291, 299, 969, 1050
3, 416, 559, 565, 782, 1054, 1190, 1356, 1404, 1466
31, 170, 325, 527, 1034, 1170, 1233
28, 167, 168, 222
142, 399, 717
565, 571, 1296, 1366, 1464
289, 306, 539, 699, 930, 938, 1124, 1128, 1217, 1382
43, 222, 231, 471, 722, 763, 999
33, 221, 222, 402, 926, 981, 1136, 1236, 1409
23, 33, 62, 81, 119, 306, 405, 813, 849, 851, 1043, 1173, 1387, 1405, 1428
193, 222, 747, 946, 1252
38, 238, 629, 994, 1149, 1197, 1239, 1393, 1396
147, 209, 566, 1223, 1239
553, 1253, 1350
331, 369, 444, 451, 981, 1165
83, 224, 238, 674, 682, 891, 993, 1285, 1327
371, 387, 388, 861, 894, 903
52, 518, 642, 809, 829, 909, 1075, 1474
149, 391, 516, 619, 765, 1235
61, 455, 500, 664, 1014, 1151, 1327, 1361
464, 674, 771, 784, 909, 981, 1243
306, 374, 490, 586, 709, 1085, 1116, 1170, 1186
132, 402, 547, 974, 1185, 1247
71, 421, 447, 1092, 1276, 1371
166, 586, 1332
213, 261, 405, 541, 681, 829, 909, 1156
91, 102, 147, 193, 328, 335, 459, 461, 612, 806, 934, 1013, 1116, 1118, 1430
259, 274, 595, 604, 1014, 1156, 1209, 1284, 1452
390, 438, 516, 583, 649, 707, 806, 956, 1007, 1092, 1219, 1327, 1412
152, 222, 260, 916, 1040, 1325, 1382
4, 69, 369, 571, 852, 1407, 1412
7, 63, 87, 1085, 1125, 1191, 1372, 1411, 1474
142, 794, 848, 885, 1054, 1059, 1384, 1404, 1420
33, 106, 147, 150, 463, 504, 667, 770, 860, 1194, 1332, 1481
18, 108, 339, 725, 1136, 1269, 1371, 1384, 1471
14, 191, 326, 405, 461, 656, 709, 946, 1009, 1493
101, 213, 395, 1093
35, 63, 246, 941, 1487
52, 86, 213, 261, 405, 428, 541, 681, 829, 909, 1042
241, 306, 389, 521, 592, 647, 712, 924, 1190
98, 391, 950, 1092, 1096
100, 222, 233, 300, 614, 799, 837, 970, 1438
404, 814, 1017, 1386
473, 595, 943, 1070, 1239, 1256, 1385
343, 372, 837, 1272
571, 683, 738, 910, 1277, 1428
51, 85, 486, 904, 1009
263, 482, 629, 877, 1311, 1417
73, 219, 374, 1145, 1234, 1284
348, 353, 538, 570, 589, 835, 866, 909, 1047, 1109, 1286, 1466
36, 372, 656, 715, 1036, 1151, 1169, 1175
29, 169, 203, 709, 735, 898, 992, 1367
401, 527, 667, 811, 1093
89, 391, 631, 724, 756, 934, 1183, 1412
40, 170, 374, 532, 566, 707, 807, 813, 895, 1123, 1382
209, 708, 806, 1026, 1164, 1204, 1412, 1418, 1468, 1493
126, 354, 387, 460, 484, 545, 575, 879, 941, 1092, 1256
11, 168, 558, 1094, 1294, 1445
240, 646, 879, 992, 998, 1164
974, 1083, 1346, 1409, 1486
176, 492, 646, 1036
8, 63, 150, 1018, 1194, 1269, 1343, 1408, 1454
21, 68, 458, 629, 742, 861, 1259, 1284
36, 443, 459, 870, 924, 1030, 1072, 1256, 1459
201, 527, 604, 674, 805, 909, 1372
192, 416, 486, 730, 827, 988, 1462
112, 371, 387, 599, 603, 934, 1145, 1159, 1408
284, 325, 541, 592, 600, 730, 1159, 1451
36, 218, 305, 1048, 1183
10, 154, 171, 238, 268, 302, 973, 996, 1093, 1233
401, 527, 571, 785, 848, 860, 892, 958, 1039, 1159
3, 132, 150, 300, 414, 487, 813
38, 272, 289, 428, 915, 1181, 1189, 1283
26, 38, 238, 247, 339, 467, 718, 806, 870, 874, 938, 1197, 1224, 1294
11, 23, 628, 707, 738, 883, 916, 925, 995, 1193
79, 119, 166, 572, 663, 786, 1152, 1320
135, 360, 1407
201, 293, 478, 524, 571, 676, 732, 786, 876, 902, 1070, 1127, 1228, 1229
155, 1073, 1121, 1184, 1231, 1367, 1382
658, 825, 835, 863, 994, 1034, 1039, 1202, 1276
139, 402, 898, 1152, 1170, 1175, 1214, 1224, 1275, 1396, 1412
35, 127, 140, 291, 863, 1048, 1384
128, 303, 464, 521, 663, 1023, 1475
114, 371, 517, 1034, 1191
397, 437, 863, 953, 1442, 1443, 1461
17, 281, 595, 998, 1128, 1352, 1461
159
192, 353, 405, 931, 1112, 1466
553, 795, 815, 1030, 1351, 1473
118, 524, 595, 740, 871, 989, 1039, 1314, 1443
163, 192, 578, 687, 961, 1119, 1313
34, 403, 1280, 1293, 1302, 1428
709, 722, 1127, 1194, 1216, 1236
60, 87, 871
189, 686, 1039, 1147
228, 647, 782, 826, 1194, 1388, 1490, 1499
229, 327, 673, 1130, 1264, 1337, 1461
150, 474, 494, 568, 807, 1216, 1284
112, 900, 1001, 1319
147, 485, 543, 561, 863, 913, 992, 1015, 1087, 1136, 1225, 1372
86, 98, 101, 107, 144, 443, 709, 722, 820, 872
148, 274, 539, 718, 721, 827, 1085, 1214, 1354, 1411
148, 570, 623, 938, 963, 1325, 1354, 1480
363, 705, 871, 1145, 1231, 1286
123, 246, 1157, 1428
258, 800, 925, 1247
145, 154, 174, 359, 662, 892, 916, 1018, 1092, 1246, 1300, 1372
23, 38, 85, 415, 470, 604, 669, 871, 988, 1004, 1095, 1190, 1462
238, 378, 625, 669, 822, 1196, 1412
36, 374, 421, 662, 815, 858
69, 336, 338, 385, 405, 456, 502, 1009, 1034, 1060, 1144, 1279, 1408
624, 636, 863, 1017, 1371, 1384, 1386, 1471
154, 231, 398, 507, 558, 839, 896, 1247, 1475
264, 554, 600, 652, 707, 729, 756, 775, 1003, 1017
123, 179, 208, 1039, 1078, 1157, 1428
78, 603, 730, 938, 1271, 1286, 1310
147, 158, 559, 806, 903, 909, 963, 1454, 1486
38, 45, 51, 319, 339, 344, 511, 662, 831, 973, 1281, 1493, 1494
132, 259, 927, 1183, 1461
101, 258, 521, 565, 682, 825, 902, 1048, 1094
42, 62, 80, 289, 497, 545, 547, 624, 834, 1056, 1113, 1263, 1368, 1483
76, 359, 669, 916, 1145, 1159, 1289
106, 344, 925, 1118, 1133, 1187
78, 159, 176, 385, 527, 939, 947, 1037, 1042, 1341, 1494
69, 193, 221, 547, 629, 710, 740, 851, 858, 994, 1023, 1095, 1205, 1253, 1407
69, 135, 477, 783, 817, 827, 831, 863
89, 137, 190, 360, 559, 756, 782, 1176, 1216, 1275, 1286, 1327
214, 403, 524, 662, 708, 717, 1233, 1253, 1458
132, 170, 850, 981
62, 169, 214, 281, 537, 553, 558, 829, 905, 1208, 1372
43, 163, 228, 242, 521, 707, 756, 858, 891, 1183, 1228, 1233
11, 247, 480, 519, 710, 1040, 1199
273, 412, 537, 620, 626, 764, 839, 1023, 1145, 1399
87, 103, 179, 329, 1366
31, 491, 571, 1354
319, 497, 903, 1186, 1297, 1362, 1474
43, 133, 221, 914, 953, 1083
247, 486, 807, 863, 1289, 1388, 1445
34, 709, 799, 904, 1217, 1405
62, 577, 743, 853, 925, 996, 1119
170, 221, 493, 647, 929, 941, 1191, 1252, 1374
124, 636, 821
306, 485, 486, 776, 859, 873, 1278, 1325, 1412, 1474
707, 948, 1327
330, 482, 546, 577, 706, 893, 1017
12, 316, 703, 1042, 1135
8, 457, 542, 717, 1116, 1432, 1468
101, 471, 477, 557, 902, 1155
39, 89, 584, 682, 690, 903, 962, 1111, 1116, 1190, 1224, 1269, 1370, 1480, 1499
123, 233, 527, 570, 657, 962, 1189, 1196, 1233, 1325
11, 717, 803, 908, 955, 1276, 1325
48, 49, 303, 347, 360, 909, 988, 1233, 1289
577, 651, 856, 871, 1399
35, 85, 104, 558, 735, 966, 1034, 1273, 1366
732, 764, 1407
9, 168, 209, 446, 709, 1111, 1127, 1148
159, 191, 477, 612, 623, 733, 805, 953, 1094, 1186, 1286, 1290
123, 1101, 1183, 1384, 1428, 1472
325, 931, 1228
87, 471, 487, 585, 737, 1113, 1120, 1191, 1325, 1429
330, 482, 546, 577, 706, 893, 1017
45, 371, 428, 553, 1302
227, 353, 405, 951
83, 188, 307, 614, 994, 1354, 1385
259, 595, 1014, 1156, 1209, 1284, 1452
74, 75, 252, 619, 930, 933, 1232, 1279, 1300, 1346
483, 925, 1184, 1231, 1258, 1275, 1324
246, 1157, 1428
4, 125, 127, 277, 329, 330, 378, 432, 455, 902, 994, 1085, 1132, 1230, 1255
20, 23, 374, 391, 628, 707, 709, 738, 765, 798, 916, 925
23, 116, 416, 482, 524, 951, 990, 1013, 1113, 1179, 1253, 1336
36, 199, 402, 1003, 1066, 1474
190, 469, 871, 1023, 1386, 1466, 1474
259, 294, 432, 868, 1252, 1359
67, 138, 956, 1014, 1319
38, 988, 1083, 1092, 1313, 1336, 1350, 1463
49, 108, 570, 662, 815, 864
377, 1015, 1078, 1184, 1217
283, 670, 1188, 1275, 1407, 1419
157, 360, 583, 616, 799, 1371, 1382, 1412, 1442
222, 246, 281, 336, 666, 1200, 1384
106, 163, 170, 707, 1009, 1120, 1175, 1233
21, 50, 135, 180, 917, 1037, 1136, 1481
67, 389, 566, 675, 790, 1149, 1216, 1469
39, 1226
242, 488, 571, 778, 1111, 1247, 1408
117, 137, 320, 746, 1113, 1159, 1382
123, 283, 442, 652, 667, 893, 1459
9, 545, 653, 750, 994, 1119, 1183
86, 87, 474, 828, 1251
168, 316, 362, 624, 803, 1493
23, 117, 377, 490, 522, 735, 807, 921, 1474
221, 237, 350, 707, 803, 853, 996, 1284, 1414
335, 399, 406, 623, 699, 994, 1406, 1494
34, 35, 656, 1233, 1430, 1466
11, 36, 222, 722, 930, 1208, 1411
432, 477, 571, 849, 909, 1039, 1208, 1364
43, 86, 184, 353, 1063, 1136, 1193, 1210, 1256
3, 169, 215, 524, 1118, 1156, 1188, 1314, 1318, 1351, 1493
71, 214, 316, 411, 456, 571, 640, 705, 740, 990, 1027, 1095
425, 631, 729, 896, 1018, 1072, 1145, 1230
4, 45, 62, 472, 520, 784, 1144, 1184, 1284
36, 374, 421, 662, 815, 858
29, 38, 85, 159, 217, 368, 486, 970, 1026, 1239, 1298, 1301, 1350
271, 445, 496, 604, 707, 858, 1191, 1246
109, 575, 577, 799, 910, 956, 1259
132, 142, 155, 600, 610, 683, 737
132, 259, 464, 674, 771, 798, 909, 999, 1148, 1286, 1444
85, 108, 132, 214, 282, 444, 494, 1037, 1230, 1350
274, 412, 651, 705, 709, 780, 782, 799, 1126, 1183, 1217
431, 558, 584, 599, 647, 994, 1051, 1168, 1269, 1407
132, 188, 529, 821, 1183
201, 572, 720, 1017, 1030, 1107, 1279, 1486
10, 154, 171, 238, 268, 302, 973, 996, 1093, 1233
38, 221, 699, 1089, 1121, 1246, 1289, 1315, 1443
20, 124, 339, 612, 800, 985, 1159
29, 553, 938, 1344
93, 186, 592, 851, 998, 1183
148, 623, 631, 647, 697, 735, 963, 1113, 1171, 1183, 1190, 1350, 1354, 1461
80, 83, 477, 603, 954, 966, 1030, 1336, 1494
128, 623, 1144, 1160, 1231, 1487
95, 316, 800, 893, 902, 1260, 1286, 1315
302, 326, 755, 806, 1152, 1349
106, 661, 828, 1039, 1284, 1386, 1412
589, 722, 1082, 1095, 1126
402, 415, 647, 798, 1030, 1187, 1385, 1407, 1487
82, 190, 571, 572, 631, 1014, 1017, 1380, 1415
277, 676, 1159, 1208, 1326, 1407, 1412
75, 227, 1165, 1334, 1474
222, 325, 446, 870, 1092, 1165, 1194
95, 901, 1238, 1411
447, 663, 1216, 1325, 1406, 1486
23, 628, 707, 738, 916, 925, 1193
87, 369, 860, 1071, 1369, 1476
221, 405, 553, 827, 858, 1275, 1411, 1472
39, 558, 778, 1442
59, 259, 375, 484, 540, 569, 612, 984, 1306, 1475
209, 294, 446, 521, 1184, 1256, 1382, 1483
127, 216, 652, 943, 1194, 1384
229, 327, 673, 1130, 1264, 1337, 1461
118, 940, 946, 1248
89, 112, 272, 306, 800
132, 214, 1409
19, 131, 332, 586, 1077
500, 649, 863
63, 151, 395, 1371
335, 399, 406, 539, 623, 699, 994, 1406, 1494
96, 328, 406, 1486
222, 325, 446, 870, 1165
29, 119, 592, 874, 907, 1030, 1264, 1338, 1354, 1366, 1372, 1499
11, 179, 222, 239, 300, 730, 1382
179, 472, 559, 891, 946, 1077, 1231
146, 238, 444, 631, 720, 994, 1226
51, 320, 539, 569, 1047, 1139, 1235, 1462
29, 52, 160, 628, 747, 808, 1060, 1170, 1191, 1474
371, 425, 455, 986, 1108
73, 368, 634, 673, 912, 1005, 1183, 1258, 1343
400, 442, 668, 950, 1096, 1219, 1474
82, 430, 545, 828, 837, 1054, 1111, 1149, 1188, 1236, 1247, 1372, 1389
49, 169, 318, 439, 527, 798, 910, 1014, 1154, 1294, 1384
40, 415, 462, 529, 814, 1194, 1348, 1396, 1438, 1479
55, 83, 248, 456, 497, 517, 642, 1490
66, 586, 601, 699, 902
53, 166, 510, 614, 684, 778, 1288
135, 400, 981, 988, 1136, 1183, 1411
108, 137, 159, 318, 560, 931, 1048, 1372, 1386
286, 330, 447, 629, 985, 1001, 1017, 1313, 1399
43, 92, 267, 274, 336, 1015, 1234, 1276, 1366
132, 221, 387, 439, 1194, 1238, 1275, 1304, 1411
480, 527, 1239
34, 242, 364, 448, 634, 834, 863, 1023, 1111
90, 221, 306, 359, 390, 395, 513, 603, 624, 753, 1301, 1455
124, 432, 636, 821, 1108, 1228
194, 883, 981, 1133, 1183, 1247
97, 335, 514, 1349
195, 309, 612, 647, 840, 1163, 1187, 1208, 1445, 1499
14, 158, 184, 192, 322, 423, 477, 559, 701, 709, 988
150, 544, 603, 682, 976, 1125, 1472, 1474
318, 889, 1039, 1093, 1341, 1374, 1418
656, 705, 729, 938, 1236, 1480
38, 480, 592, 656, 961, 962, 1121, 1233, 1336, 1401, 1430, 1462, 1466
541, 753, 772, 1039, 1274, 1276, 1408, 1468
93, 103, 217, 474, 490, 686, 871
188, 340, 652, 877, 884, 991, 1135, 1175, 1186, 1198, 1226, 1247
472, 626, 725, 773, 1094, 1184, 1384, 1388, 1466, 1471
414, 447, 683, 815, 1232
86, 110, 240, 784, 891, 1128
369, 521, 531, 722, 827, 858, 1462
50, 115, 125, 127, 209, 368, 402, 1269, 1427
7, 66, 69, 254, 293, 369, 412, 425, 555, 870, 953, 1015, 1350
26, 325, 1130, 1468, 1493
845, 1226, 1486
167, 169, 517, 679, 874, 899, 1007, 1220, 1228
69, 212, 503, 803, 1129, 1301, 1411
63, 81, 184, 233, 268, 271, 402, 412, 529, 558, 644, 649, 656, 863, 1145, 1231, 1276, 1443, 1454
241, 283, 487, 992, 1013, 1208
444, 555, 1296, 1466
11, 259, 319, 619, 987, 1083, 1169, 1216, 1268
9, 192, 395, 540, 908, 1268
293, 583, 592, 649, 806, 1007, 1092, 1229, 1327, 1412
36, 199, 240, 402, 585, 670, 1003, 1066, 1474
38, 988, 1083, 1313, 1336, 1350
87, 160, 662, 738, 784, 893, 1233, 1253, 1274, 1400
63, 337, 733, 748, 1079
71, 81, 83, 470, 482, 521, 578, 662, 709, 1278, 1333, 1394, 1432
89, 283, 664, 790, 807
86, 130, 300, 348, 353, 866, 1047, 1145, 1475
189, 344, 418, 1030, 1121, 1219, 1258
150, 293, 545, 616, 746, 805, 899, 1094, 1483
17, 43, 123, 246, 425, 1153, 1157, 1273, 1428
38, 159, 553, 622, 631, 925, 1004
318, 660, 807
374, 620, 1085, 1467
147, 402, 487, 557, 674
176, 260, 267, 300, 521, 772, 773, 1152, 1341
95, 699, 925, 1198, 1412
112, 232, 539, 540, 543, 627, 800, 1387, 1409, 1451
33, 106, 140, 147, 150, 233, 328, 463, 504, 540, 667, 770, 860, 1000, 1079, 1194, 1332, 1481
238, 913, 1036, 1490
51, 106, 336, 409, 417, 420, 520, 955, 1240
132, 539, 1209
360, 495, 592, 806, 902, 1316, 1474
68, 94, 432, 668, 744, 936, 1034, 1197, 1225, 1289, 1474
442, 601, 614, 626, 914, 1006, 1238, 1372, 1407
4, 222, 447, 750, 816, 829, 901, 902, 909
237, 319, 603, 867, 954, 1015, 1231, 1484
40, 112, 234, 350, 813, 871, 1112, 1136, 1162
21, 117, 283, 363, 544, 553, 625, 663, 1170
116, 130, 158, 404, 429, 718, 909, 996, 1198
170, 212, 418, 503, 744, 937, 1246, 1286, 1301, 1367, 1411, 1474
61, 137, 154, 281, 335, 511, 815, 986, 992, 1096, 1112, 1163, 1180, 1385
38, 93, 169, 212, 1173
444, 619, 884, 1019, 1023, 1334, 1481
222, 233, 281, 442, 463, 669, 787, 851, 870, 1136, 1351, 1486
179, 330, 533, 592, 636, 879, 1037, 1164, 1317, 1431
14, 118, 328, 354, 416, 570, 575, 665, 668, 811, 1115, 1136, 1226, 1472
148, 182, 316, 909, 1014, 1118, 1314, 1318, 1327, 1441
612, 615, 664, 744, 1047, 1409, 1412, 1475
86, 140, 259, 425, 667, 807, 873, 1197, 1240, 1268, 1286, 1301
274, 891, 950, 1034, 1298
443, 459, 649, 870
125, 155, 217, 405, 429, 544, 668, 1112, 1217, 1459
87, 502, 721, 799, 1213, 1455
247, 317, 647, 668, 1083, 1095, 1462
281, 318, 568, 601, 612, 1003, 1023, 1136, 1157
127, 192, 248, 351, 425, 490, 511, 709, 772
8, 283, 361, 829, 1160, 1175
353, 592, 724, 859, 908, 1296, 1343
68, 118, 119, 120, 191, 204, 330, 435, 490, 744, 871, 904, 1119, 1225, 1289, 1315, 1372, 1451
72, 187, 741, 860, 1164, 1372, 1384, 1448
48, 89, 311, 683, 1054, 1351, 1473
23, 143, 329, 339, 662, 778, 814, 1386, 1474, 1486
146, 769, 881, 1121, 1428, 1499
9, 34, 618, 677, 686, 1349, 1386
6, 753, 978, 1005
107, 328, 447, 471, 545, 695, 699, 910, 1111, 1377, 1493
85, 127, 578, 612, 683, 767, 858, 1147, 1413, 1435
321, 417, 730, 753, 755, 855, 1039, 1092, 1132, 1209, 1225, 1280, 1316, 1384
42, 70, 667, 815, 986, 1026, 1136, 1180
163, 192, 578, 687, 709, 961, 1004, 1119, 1294, 1313
207, 222, 325, 373, 553, 561, 748, 839, 1193, 1483
688, 778, 891, 1444, 1464, 1483
502, 1195
14, 221, 293, 477, 1017, 1068
85, 128, 214, 231, 443, 990, 1412
214, 374, 707, 1202, 1273, 1467
238, 625, 669, 822, 1194, 1196, 1412, 1493
74, 83, 246, 554, 599, 662, 832, 863, 1121, 1374, 1473
26, 81, 222, 306, 553, 623, 673, 914, 973, 1300
500, 750, 1071, 1163, 1424
222, 334, 389, 780, 874, 932, 1018, 1089, 1127, 1133, 1234, 1324
7, 63, 87, 281, 374, 737, 809, 1085, 1125, 1191, 1372, 1411, 1474
374, 794, 1399
127, 136, 238, 398, 402, 892, 1183, 1202, 1280, 1334
222, 541, 699, 783, 1260, 1269
123, 318, 359, 481, 981, 988, 1088, 1123, 1253, 1475
116, 314, 472, 631, 1042, 1141
564, 604, 1055, 1393
87, 631, 679, 1228, 1486
118, 234, 325, 331, 344, 789, 807, 1163, 1334, 1411
451, 682, 1127
307, 709, 812, 1007, 1023, 1220, 1293, 1481
80, 209, 676, 808, 1121, 1233, 1284, 1403, 1484
57, 259, 767, 875, 992, 1464
339, 520, 527, 863, 912, 1183, 1202, 1378
25, 132, 914, 1146, 1241
531, 1115, 1148, 1280, 1386
123, 1101, 1183, 1384, 1428, 1472
14, 118, 354, 665, 668, 811, 1115, 1472
43, 163, 228, 559, 707, 756, 1163, 1396
0, 17, 132, 360, 604, 688, 799, 808, 914, 938, 1047, 1124, 1160, 1284, 1404, 1471
368, 385, 478, 592, 1039, 1427
185, 339, 656, 803, 835, 994, 1034, 1084, 1276
232, 1135, 1144, 1292, 1386, 1478
88, 553, 889, 994, 1334
328, 591, 603, 1211, 1399
364, 647, 849, 1144, 1292, 1386, 1478
89, 507, 543, 1080, 1180
119, 127, 179, 247, 371, 445, 722, 905, 946, 1313
661, 999, 1023, 1246
44, 425, 442, 664, 803, 1040
63, 289, 545, 624, 996, 1025, 1464
127, 192, 248, 351, 425, 490, 511, 709, 772
428, 667, 766, 1461
171, 451, 682, 783, 1127, 1269
163, 183, 255, 321, 501, 617, 690, 707, 766, 1030, 1136, 1277, 1280, 1284, 1373
71, 233, 421, 447, 690, 837, 1018, 1092, 1371, 1411, 1457, 1463
163, 321, 501, 617, 690, 707, 766, 1030, 1277, 1373
142, 209, 210, 229, 416, 620, 703, 803, 814, 1159, 1178, 1415, 1467
72, 220, 399, 580, 976, 1216, 1239, 1380
35, 209, 259, 299, 660, 1153, 1400
222, 412, 874, 994, 1231, 1240
336, 382, 540, 738, 764, 870, 1008, 1275, 1372, 1386
5, 43, 170, 203, 353, 386, 541, 800, 820, 1092, 1231, 1273, 1382, 1442
283, 430, 493, 769, 800, 1034, 1217, 1316
149, 286, 404, 718, 809, 1467
248, 666, 729, 764, 859, 905, 1168, 1278, 1388
259, 395, 951, 1059, 1468
186, 221, 306, 413, 555, 901, 986, 1445
354, 400, 821, 981, 987, 1025, 1224, 1351
388, 675, 690, 778, 815, 1194, 1259, 1399
371, 387, 388, 861, 894, 903
83, 324, 432, 1225, 1248
1127, 1168, 1252, 1481
38, 545, 902, 915, 1435
456, 990, 993, 1016
147, 209, 566, 1223, 1239
140, 201, 438, 491, 1117
18, 36, 38, 132, 445, 464, 778, 1332, 1341
14, 783, 873, 1017, 1214, 1481, 1484
61, 415, 432, 565, 578, 603, 830, 1054, 1159
62, 87, 144, 604, 806, 855, 945, 1003, 1006, 1016
293, 416, 420, 470, 1036
261, 293, 416, 496, 603, 855, 867, 973, 1067, 1113, 1227, 1349, 1384, 1396
946, 1276, 1350
338, 648, 799, 808, 863, 1073, 1225, 1240, 1382, 1427
117, 656, 1258, 1311, 1385
150, 361, 474, 494, 568, 807, 1095, 1216, 1284
151, 227, 353, 405, 462, 551, 779, 951, 1030, 1048, 1216, 1324, 1366
29, 42, 86, 163, 330, 399, 430, 820, 870, 1086, 1184, 1328
106, 344, 925, 1118, 1187
61, 634, 723, 756, 937, 1239, 1327, 1407
38, 51, 69, 138, 227, 403, 445, 838, 938, 966, 1119, 1129, 1141
227, 682, 692, 959, 1054, 1117, 1262, 1386, 1407, 1484
38, 101, 493, 1116, 1175, 1416
55, 209, 624, 1003, 1284, 1351, 1364
371, 400, 442, 615, 806, 1067, 1246, 1259, 1278, 1461, 1475
326, 674, 879, 1209
618, 828, 1194, 1209, 1304, 1354, 1412, 1484
38, 88, 272, 482, 643, 953, 988, 996, 1083, 1118, 1313, 1336, 1384, 1463, 1475
3, 125, 242, 307, 502, 511, 729
26, 538, 800, 1217, 1466
198, 207, 307, 511, 709, 1149, 1178, 1219, 1325
35, 85, 104, 558, 735, 966, 1034, 1273, 1366
40, 51, 492, 501, 582, 671, 1259
104, 328, 437, 1023, 1105
214, 289, 318, 422, 543, 628, 828, 883, 968, 1099, 1183
118, 144, 432, 571, 624, 705, 820, 849, 884, 909, 1031, 1039, 1208, 1289, 1364, 1472
80, 414, 503, 577, 782, 803, 835, 1016, 1017, 1223, 1493
628, 735, 864, 947, 989, 1073, 1271
168, 266, 281, 571, 683, 738, 781, 910, 1149, 1206, 1277, 1374, 1428
682, 764, 886, 902, 903, 1039, 1279, 1284, 1334, 1468
416, 815, 903, 1037, 1096, 1163, 1195, 1412
306, 395, 418, 696, 1284, 1314
42, 176, 737, 791, 959, 1119, 1145, 1183, 1392
22, 52, 258, 871, 874, 916, 1048, 1233, 1234, 1462
100, 147, 582, 603, 626, 700, 1233, 1333, 1409, 1468
66, 116, 248, 842, 845, 989, 1190, 1226, 1269, 1498
658, 860, 1034, 1388, 1414
43, 114, 154, 293, 321, 444, 592, 705, 753, 1271
400, 432, 529, 798
93, 457, 593, 738, 1123
150, 651
147, 236, 785, 1126
89, 171, 613, 798, 1116, 1145, 1276, 1414, 1458
322, 724, 827, 1462
500, 575, 875, 1014, 1191, 1236, 1273, 1335
52, 71, 299, 771, 1183, 1276, 1311, 1384
154, 371, 806, 815, 827, 861, 1247, 1269
300, 553, 1003, 1317, 1345, 1450
48, 447, 800, 1077
36, 116, 277, 783, 817, 1354, 1382
86, 259, 540, 656, 662, 806, 835, 959, 1117, 1233, 1336
81, 101, 369, 409, 447, 471, 902, 1155
192, 471, 545, 647, 656, 878, 963
97, 232, 820, 855, 1135, 1292, 1296, 1371, 1412, 1428, 1468
334, 973, 1141
148, 185, 306, 471, 571, 1325
68, 208, 347, 375, 448, 451, 501, 607, 628, 1067, 1462
66, 586, 601, 699, 902
377, 607, 877, 1006, 1073, 1162
623, 1286
47, 368, 555, 829, 1294, 1412
125, 286, 378, 432, 437, 700, 1072, 1264, 1294, 1327, 1354, 1451
19, 539, 876, 1135
500, 575, 738, 875, 1014, 1191, 1233, 1236, 1273, 1335
21, 803, 974, 1325, 1394
28, 925, 1003, 1128, 1216, 1222, 1313
247, 1094, 1382, 1405, 1412
968, 1208, 1239
101, 347, 501, 592, 637, 814, 991, 1103, 1127, 1144, 1216
128, 247, 347, 517, 592, 702, 938, 1018, 1131, 1400
62, 261, 435, 690, 1165, 1182, 1259, 1432, 1452, 1467
17, 139, 396, 444, 518, 527, 559, 656, 723, 1085, 1411
85, 119, 325, 412, 420, 690, 951, 1030, 1117, 1386
123, 242, 673, 705, 808, 874, 1341, 1461
651, 856
17, 189, 228, 344, 418, 444, 463, 699, 828, 1030, 1121, 1219, 1258
209, 344, 519, 604, 837, 966, 1474
119, 683, 815, 903, 909, 1021, 1190, 1224, 1241, 1411
28, 127, 144, 168, 217, 222, 274, 644, 648, 1040, 1163, 1241, 1373
36, 43, 87, 133, 284, 578, 682, 1252, 1259, 1411, 1461
38, 644, 1116, 1127, 1183, 1219
468, 490, 852, 1233, 1361, 1445
164, 603, 820, 1017, 1342, 1462
184, 553, 656, 1184, 1276, 1338, 1386
14, 23, 116, 222, 416, 439, 444, 482, 524, 571, 871, 951, 990, 999, 1051, 1179, 1253, 1336
236, 318, 610, 612, 619, 885, 1017, 1018
377, 578, 829, 871, 944, 996, 1036, 1217, 1228
7, 38, 721, 870, 1015, 1228, 1330
63, 76, 319, 326, 359, 412, 486, 871, 1026, 1471, 1493
101, 471, 477, 557, 902, 948, 1155
1211, 1496
126, 601, 622, 827, 1184, 1225
51, 87, 709
61, 170, 259, 336, 832, 870, 1388, 1459, 1493
343, 372, 490, 837, 1272, 1499
93, 169, 554, 572, 1152, 1273, 1405
281, 293, 428, 587, 829, 1034, 1039
193, 222, 747, 946, 1149, 1252
66, 230, 588, 912, 1159
133, 217, 335, 412, 414, 757, 1294, 1336, 1341
104, 125, 145, 421, 471, 607, 946, 1118, 1145, 1244, 1284, 1452
325, 455, 662, 850, 1174, 1412
203, 415, 420, 694, 1118, 1442
10, 123, 300, 825, 1028
26, 78, 330, 357, 555, 899, 903, 994, 1467, 1479, 1488
101, 248, 409, 619, 904, 1077, 1239, 1289
150, 320, 746, 1113, 1159
132, 167, 188, 821
11, 188, 399, 521, 807, 973, 1067, 1160, 1193, 1319, 1424, 1451, 1494
38, 121, 603, 687, 782, 1113
222, 246, 281, 336, 666, 1200, 1384
173, 186, 411, 713, 893, 1042, 1047
127, 144, 217, 274, 644, 1040, 1163, 1241, 1373
107, 484, 699, 722, 808, 908, 1147, 1197
227, 247, 414, 583, 722, 1217
221, 318, 428, 1235, 1313, 1327
106, 163, 170, 559, 707, 852, 941, 1009, 1120, 1121, 1175, 1233
51, 416, 443, 807, 1055, 1324, 1472, 1475
318, 377, 416, 722, 875, 931, 1042
67, 137, 545, 879, 1183
247, 325, 388, 502, 599, 624, 730, 800, 1183, 1195, 1273, 1384, 1412
125, 154, 255, 369, 747, 797, 852, 1498
414, 595, 870, 888, 902, 1346, 1444
21, 199, 636, 669, 1023, 1109, 1217, 1443
26, 71, 310, 516, 577, 619, 867, 976, 1216, 1324, 1401
59, 183, 500, 802, 1136, 1185, 1190, 1191, 1224, 1314
63, 72, 289, 400, 511, 545, 570, 624, 806, 827, 893, 996, 1025, 1374, 1464
9, 277, 378, 432, 1248, 1288
130, 883, 951, 1163, 1184
147, 162, 227, 336, 604, 781, 1313
829, 837, 845, 1114, 1196, 1315, 1381
147, 558, 619, 651, 756, 994, 1018, 1047, 1459
416, 524, 675, 870, 989, 1236, 1322
87, 116, 437, 722, 859, 988, 1039, 1184, 1225, 1279, 1325, 1463
69, 227, 656, 938, 1119, 1141, 1316
601, 907
87, 471, 506, 555, 656, 759, 1023
147, 236, 601, 1186, 1351
123, 204, 347, 527, 592, 814, 1183, 1216, 1401, 1479
63, 72, 451, 722, 1105, 1343, 1366
9, 73, 222, 246, 871, 1023, 1149, 1381
128, 311, 357, 902, 1105, 1216, 1232
10, 123, 300, 825, 1028
840, 874, 1099, 1348, 1372
9, 34, 397, 618, 677, 686, 730, 1349, 1386
36, 188, 499, 709, 732, 1084, 1101, 1112, 1240, 1343, 1443
23, 33, 62, 66, 81, 119, 193, 405, 851, 912, 1159
214, 289, 318, 422, 543, 828
557, 704, 829, 1401, 1435, 1443
11, 63, 459, 484, 754, 877, 1072
74, 335, 612, 963, 1018, 1294
101, 338, 402, 605, 730, 837, 954, 1114, 1127, 1171, 1184, 1315, 1381
62, 147, 360, 780, 1016, 1072
11, 259, 767, 827, 840, 1314
106, 724, 1126, 1196, 1467, 1483
100, 215, 335, 446, 707, 756, 761, 925, 1135, 1185, 1208, 1243, 1323, 1354
137, 148, 238, 520, 863, 981, 1016, 1072, 1088, 1185, 1289, 1318, 1413
287, 318, 555, 955, 1384
221, 252, 664, 705, 1184, 1407
354, 445, 482, 577, 682, 699, 819, 1096, 1387
4, 291, 463, 561, 571, 743, 826, 1315
254, 267, 910, 1081, 1314, 1319
69, 227, 259, 374, 620, 728, 938, 1042, 1119, 1141, 1467
98, 106, 647, 1165, 1196, 1223
159, 191, 477, 606, 612, 733, 782, 805, 1094, 1163, 1226, 1286, 1338
152, 217, 385, 808, 873, 1040, 1238, 1475, 1493
163, 214, 389, 553, 829, 1394
170, 416, 443, 705, 739, 1185, 1324, 1337, 1443
55, 517, 628, 747, 1210, 1385
85, 119, 231, 374, 437, 563, 1094, 1341
43, 167, 403, 561, 912, 1249, 1258, 1388, 1421, 1448
231, 474, 722, 855, 1001, 1144, 1163, 1234
3, 451, 525, 529, 727, 750, 1026, 1081, 1486
344, 780, 1350
188, 970, 1289, 1409
36, 116, 277, 783, 817, 1354, 1382
61, 415, 432, 565, 578, 603, 830, 1054, 1159
472, 578, 599, 601, 837, 989, 1039, 1128
325, 782, 893, 1186, 1398
216, 403, 773, 1089, 1168, 1350, 1415, 1464
34, 35, 46, 221, 368, 442, 656, 827, 1233, 1430, 1466, 1474
29, 148, 296, 316, 1118, 1224, 1314, 1318, 1327
682, 764, 886, 902, 903, 1039, 1279, 1284, 1334, 1468
229, 327, 533, 705, 966, 1264, 1354, 1461, 1487
101, 456, 486, 902, 1155, 1275, 1316, 1372, 1414
236, 241, 274, 319, 471, 601, 629, 891, 895, 1211, 1314
151, 210, 999
13, 20, 109, 219, 764, 903, 931, 1019, 1086
40, 444, 1003, 1160, 1175, 1187, 1349, 1351, 1406
81, 159, 326, 369, 409, 447, 628, 760, 820, 1295
63, 325, 357, 623, 686, 720, 858, 1015, 1186, 1336
261, 337, 619, 767, 1284, 1289
45, 90, 125, 216, 306, 352, 403, 511, 908, 993
553, 679, 807, 871, 937, 1486
74, 234, 375, 563, 584, 647, 675, 699, 996, 1379
168, 243, 316, 360, 664, 950, 1081, 1113, 1231, 1269, 1316
151, 210, 233, 374, 412, 595, 999, 1184, 1457
96, 620, 808
575, 820
246, 387, 416, 443, 1040, 1324, 1443
233, 359, 377, 571, 592, 722, 742, 883, 981, 1037, 1183, 1247, 1324, 1354, 1412
590, 592, 668, 833, 1314, 1474
17, 61, 93, 132, 293, 471, 649, 832, 1001, 1280, 1396, 1408, 1457
139, 324, 771, 1194, 1279, 1407
176, 656, 767, 939, 963
321, 617, 690, 1030, 1277, 1373
656, 705, 729, 938, 1236, 1480
20, 337, 715, 1132, 1176, 1205, 1264, 1336
81, 98, 314, 439, 623, 732, 1180, 1301, 1337, 1412
146, 219, 595, 611, 722, 729, 769, 771, 806, 827, 881, 1121, 1183, 1184, 1194, 1399, 1428, 1499
316, 868, 959, 1039, 1068, 1349, 1462, 1474
98, 138, 159, 281, 641, 732, 1427
470, 1278, 1333
3, 451, 525, 529, 727, 750, 1026, 1081, 1486
418, 541, 924, 1318
72, 220, 399, 580, 976, 1216, 1239, 1380
107, 235, 377, 790, 830, 833, 857
293, 579, 974, 1039, 1188, 1233, 1480
178, 259, 293, 480, 775, 1147, 1461
66, 193, 230, 588, 1159
222, 364, 471, 764, 863, 903, 967, 992, 1399
447, 663, 1216, 1325, 1406, 1486
38, 87, 107, 214, 850, 901, 905, 1164, 1299
17, 139, 396, 444, 518, 527, 559, 656, 723, 1085, 1411
21, 38, 214, 307, 308, 335, 377, 572, 676, 697, 732, 1018, 1127, 1194, 1302
119, 325, 409, 722, 740, 874, 1499
155, 870, 926, 1313
71, 236, 844, 885, 1147, 1213, 1371
359, 388, 471, 592, 692, 1224
85, 119, 120, 946, 1077
207, 217, 238, 412, 480, 827, 962
17, 405, 443, 472, 800, 868, 1092
263, 637, 690, 815, 877, 1194
73, 219, 374, 1145, 1234, 1284
51, 316, 482, 931, 942, 1095, 1184, 1386
915, 1013, 1208
276, 652, 784, 1253, 1297, 1412, 1420
829, 1270
527, 912, 992, 1224
289, 344, 568, 1163, 1197, 1435, 1443
7, 38, 104, 456, 868, 1025, 1168, 1443
229, 425, 436, 828, 1017, 1310, 1412, 1462
81, 184, 368, 529, 656, 782, 790, 863, 1276, 1454, 1468
49, 281, 293, 988, 1004
140, 421, 437, 1382
6, 130, 707, 883, 951, 1163
48, 145, 368, 444, 588, 589, 623, 652, 812, 1332, 1356
4, 80, 127, 329, 700, 787, 1085, 1132
51, 316, 482, 931, 942, 1095, 1184, 1386
216, 221, 589, 767, 1042, 1085, 1273, 1341, 1412
124, 295, 555, 619, 912, 993, 1343
36, 212, 215, 832, 1030, 1034, 1234, 1351
8, 28, 238, 527, 592, 1407
155, 344, 449, 705, 1143, 1226, 1385
61, 371, 622, 718, 733, 771, 846, 868, 1048, 1354, 1439
40, 123, 886, 946, 996, 1039, 1095, 1109, 1125, 1259
571, 683, 738, 910, 1428
69, 497, 500, 592, 666, 838, 852, 892, 1184
50, 173, 439, 648, 993, 1002, 1190, 1239
589, 622, 1037, 1113, 1349
219, 598, 1424, 1474
188, 242, 377, 586, 682, 827, 1105, 1141, 1236, 1327, 1454
38, 139, 221, 222, 444, 463, 555, 709, 719, 1113, 1184, 1382, 1384
38, 93, 287, 389, 592, 707, 712, 924, 1183, 1252, 1324
9, 73, 222, 246, 871, 1023, 1149, 1381
24, 273, 339, 527, 707, 738, 800, 827, 1008, 1017, 1079, 1135, 1361
319, 444, 867, 1049, 1194
75, 124, 274, 283, 829, 896, 994, 1292
298, 329, 553, 570, 594, 662, 837, 992, 1015, 1250
11, 63, 459, 484, 754, 877, 1072
38, 298, 720, 822, 954, 1042, 1194
87, 348, 524, 806, 885, 1085, 1240, 1335
405, 611, 998
246, 589, 631, 722, 934, 1082, 1095, 1126, 1169, 1184, 1259, 1268
601, 870, 874, 1042, 1086, 1233
6, 123, 132, 233, 426, 917, 1131, 1233, 1335
561, 569, 1092, 1457
4, 45, 62, 416, 472, 520, 784, 1144, 1184, 1284
281, 709, 806, 1208, 1275, 1451
186, 198, 690, 998, 1203
168, 656, 806, 1148, 1156, 1247, 1486
325, 432, 500, 583, 610, 774, 1411
159, 179, 501, 724, 783, 1231, 1438
42, 169, 281, 322, 545, 767, 863, 1474
83, 234, 398, 772, 827, 1036, 1105, 1267
241, 997
86, 274, 943, 1026, 1234, 1286
57, 423, 595, 622, 661, 1107, 1123, 1401, 1458
192, 353, 931, 1421, 1466
21, 318, 337, 447, 656, 934, 1175, 1361
138, 501, 522, 612, 879, 1108, 1326, 1384
33, 69, 86, 328, 472, 545, 657, 1422
38, 402, 701, 874, 924, 1136, 1370
29, 35, 191, 318, 425, 604, 669, 699, 721, 830, 1116, 1179, 1284, 1315
144, 203, 418, 425, 470, 577, 994, 1281
477, 796, 1117
322, 644, 873, 1473
209, 796, 1224, 1464
20, 337, 715, 1132, 1176, 1205, 1264, 1336
81, 217, 485, 540, 992, 1133
147, 921, 950, 1388
127, 314, 320, 368, 578, 629, 664, 694, 784, 891, 1029
193, 634, 875, 937, 1031, 1351, 1436
662
197, 561, 607, 610, 818, 1023, 1477
274, 591, 875, 925, 1194, 1210, 1222, 1241
83, 144, 472, 598, 657, 1077, 1422
3, 248, 283, 655, 661, 807, 891, 950, 1088
171, 625, 652, 894, 1136, 1233, 1432
35, 173, 404, 487, 500, 509, 682, 707, 764, 783, 1118, 1233, 1416, 1458
168, 266, 281, 781, 1206, 1374
4, 45, 62, 416, 472, 520, 784, 1144, 1184, 1284
11, 532, 699, 1147, 1383
169, 215, 524, 993, 1188, 1314, 1351
170, 241, 663, 825, 1233, 1412, 1463
63, 328, 348, 850, 1144, 1399
63, 289, 545, 624, 996, 1025, 1464
187, 1222, 1319, 1325
142, 545, 800, 902, 1014, 1248, 1435
179, 326, 547, 1136, 1186
67, 154, 163, 268, 325, 442, 527, 824, 1104, 1220, 1259, 1274, 1382, 1458, 1481
38, 93, 132, 169, 259, 405, 437, 486, 595, 829
222, 377, 592, 1197
174, 188, 306, 956, 1100, 1105, 1170
374, 794, 1444
35, 300, 759, 946, 994, 1189, 1197, 1202, 1233, 1336
553, 1199, 1493
10, 123, 825, 1028
66, 262, 571, 1421
236, 334, 336, 384, 471, 973, 1141
55, 126, 934, 946, 1095, 1132, 1382
11, 221, 222, 709, 750, 800, 871, 1163, 1198, 1240, 1313, 1409
33, 319, 527, 539, 547, 578, 584, 1008, 1193
61, 70, 924, 1067
339, 733, 877
178, 319, 387, 662, 840, 899, 946, 1007, 1194, 1330, 1349, 1499
116, 146, 240, 247, 565, 631, 724, 1233, 1374, 1407
62, 197, 411, 446, 808, 852, 990, 1008
39, 231, 316, 334, 351, 472, 510, 558, 781, 831, 1183, 1202, 1369, 1475
518, 531, 537, 889, 892, 894, 931, 1314, 1384
80, 326, 571, 773, 787, 1008
132, 142, 155, 600, 610, 683, 737
360, 447, 724
152, 217, 385, 808, 873, 1040, 1238, 1475, 1493
340, 461, 543, 1222, 1273, 1493
28, 925, 1003, 1128, 1216, 1222, 1313
87, 150, 416, 477, 491, 521, 595, 631, 910, 1228, 1417
72, 221, 359, 549, 656, 1248, 1316
55, 102, 539, 1475
590, 592, 668, 833, 1314, 1474
47, 61, 63, 377, 405, 472, 970, 1003, 1009, 1281, 1382, 1422
215, 692, 699, 1003, 1185
192, 227, 707, 721, 898, 1248
36, 139, 405, 412, 444, 472, 514, 648, 699, 800, 1250, 1496
782, 826, 1388, 1490
243, 467, 543, 946, 1468
247, 565, 724
214, 539, 915, 927, 946, 954, 1125, 1205
26, 79, 166, 543, 663, 891, 1001, 1320
71, 152, 603, 770, 902, 1247, 1262
36, 218, 1048, 1183
94, 300, 385, 553, 759, 939, 946, 952, 1003, 1037, 1042, 1317, 1345, 1388, 1450
176, 471, 699, 1056, 1155, 1246, 1354
8, 11, 283, 361, 638, 800, 829, 1160, 1175
151, 497, 781, 1095, 1286
108, 757, 829, 885, 1144, 1248
14, 36, 40, 81, 209, 304, 647, 709, 718, 763, 917, 1018, 1042, 1153, 1341, 1374, 1407, 1420, 1435, 1450, 1454
142, 210, 703, 803, 808, 1082
543, 657, 675, 1381
209, 259, 320, 545, 778, 817, 976, 1216, 1487, 1493
418, 540, 571, 720, 837, 1034, 1233
293, 681, 1159, 1334, 1386
0, 67, 399, 555, 1184, 1284, 1448, 1488
25, 204, 492, 634, 649, 910, 948, 1005, 1015, 1041, 1095, 1253, 1451
690, 1144, 1302, 1412, 1461, 1486
174, 540, 595, 831, 1217, 1373, 1457
194, 883, 981, 1113, 1133, 1183, 1247
138, 325, 501, 612, 775, 879, 931, 1228
146, 642, 1039, 1276, 1373, 1382
69, 151, 233, 540, 699, 807, 1005, 1195, 1225
39, 517, 875, 1144, 1241, 1346
125, 471, 767, 907
209, 444, 529, 548, 731, 790, 896, 1233, 1240, 1242, 1284, 1454
107, 123, 325, 440, 824, 892, 1092, 1209
470, 578, 662, 1278, 1333, 1464
219, 1014
213, 261, 405, 541, 681, 829, 909, 1156
93, 140, 352, 732, 1017, 1030, 1428, 1462
11, 147, 238, 300, 837, 1004, 1034, 1458
611, 656, 827, 1039, 1404
197, 410, 430, 509, 675, 1023, 1268, 1350, 1486
829, 837, 845, 1114, 1196, 1315, 1381
96, 509, 620, 808, 825, 861, 985, 1160
339, 471, 520, 527, 863, 912, 1183, 1378
190, 318, 849, 988, 1034, 1269, 1371, 1404
81, 186, 813, 950, 1039, 1149, 1280, 1341, 1382
707, 803, 806, 829, 924, 1270, 1344, 1477
62, 368, 398, 423, 490, 628, 827, 1326, 1423
34, 90, 100, 306, 553, 870, 879, 909, 1116, 1159, 1248, 1405
51, 87, 400, 442, 709, 950, 1096
319, 603, 656, 682, 1487
38, 150, 374, 644, 753, 925, 1147, 1149, 1186, 1284
553, 781, 796, 828, 947, 1080
38, 153, 192, 215, 306, 491, 646, 916, 973, 1147, 1272, 1325, 1382
190, 193, 283, 404, 416, 435, 661, 721, 753, 770, 870, 1121, 1135, 1136, 1176, 1194, 1276, 1399, 1411, 1412
222, 325, 446, 914, 1161, 1165
215, 319, 868, 1296, 1435
246, 521, 750, 1169, 1316, 1382, 1411, 1445
477, 595, 910, 1417
385, 868, 879, 959, 1068, 1136, 1349, 1474
601, 647, 656, 1021, 1098, 1194, 1354
482, 767, 784, 890, 1289, 1412
48, 438, 714, 870, 1103, 1180, 1414
166, 808, 817, 824, 903, 964, 1197, 1279
229, 425, 436, 527, 828, 1017, 1048, 1310, 1412, 1462
87, 154, 491, 628, 679, 745, 815, 925, 1047, 1228
300, 510, 1381
80, 93, 190, 197, 603, 646, 811, 920, 948, 1197, 1435
33, 107, 221, 222, 255, 300, 402, 541, 544, 648, 764, 926, 981, 1136, 1236, 1409
218, 246, 325, 459, 840, 855, 1224, 1294
229, 327, 673, 1130, 1264, 1337, 1461
397, 405, 518, 1042, 1095, 1269
414, 571, 808, 963, 1284, 1462
46, 106, 1163, 1175, 1275, 1310
952, 953, 1186, 1290, 1405
127, 142, 209, 210, 229, 416, 620, 703, 803, 814, 1159, 1178, 1415, 1467
231, 273, 293, 395, 432, 566, 580, 1234, 1461
57, 221, 433, 595, 647, 662, 695, 709, 1008, 1159, 1382
35, 51, 186, 311, 413, 500, 546, 553, 578, 901, 1147, 1234
124, 973
21, 78, 123, 210, 1026, 1139, 1333
347, 353, 368, 599, 741, 767
73, 219, 374, 1145, 1234, 1284
48, 125, 150, 217, 685, 740, 759, 871, 1136, 1202, 1225, 1361, 1386
808, 820, 868, 1342, 1462
148, 541, 753, 772, 787, 1276
8, 126, 161, 572, 592, 800, 981, 1382
63, 316, 628, 664, 797, 807, 1081, 1483, 1488
215, 221, 245, 316, 402, 405, 490, 656, 859, 1118, 1344
108, 570, 662, 815, 864
100, 117, 520, 598, 610, 923, 1037, 1372, 1412
203, 420, 778, 873, 1474
100, 700, 778, 1108, 1326, 1373
220, 259, 281, 418, 721, 722, 736, 895, 1015, 1034, 1096, 1224, 1323
592, 737, 820, 829, 925, 963, 1396, 1412
684
11, 553, 647, 905, 987, 992
174, 828, 903, 1332, 1374, 1382
119, 322, 330, 482, 493, 907, 946, 1072, 1165, 1412
324, 607, 667, 1123, 1184, 1336, 1438, 1462, 1473
215, 692, 699, 1003, 1185
146, 238, 444, 631, 720, 994, 1226
33, 170, 907, 1276, 1331
115, 209, 238, 912, 1060, 1202, 1206
43, 163, 228, 707, 756, 1163
318, 660, 683, 807
43, 364, 524, 553, 709, 834, 989, 1322, 1474
261, 291, 319, 352, 578, 797, 874, 1039, 1048, 1233, 1246, 1373
272, 289, 524, 572, 627
1404, 1409, 1464
87, 610, 662, 738, 784, 852, 893, 1233, 1253
36, 213, 335, 670, 818, 992, 1367
189, 344, 418, 1030, 1121, 1219, 1258
11, 107, 112, 116, 471, 571, 707, 881, 1135, 1145, 1260, 1336
132, 201, 293, 339, 439, 903, 1144, 1176, 1382
154, 173, 644, 876, 925, 1135
11, 102, 241, 336, 973, 994, 1136, 1208, 1231, 1344, 1428
33, 221, 222, 402, 926, 981, 1136, 1236, 1409
40, 51, 492, 501, 582, 671, 1259
33, 69, 398, 905, 1349, 1408
364, 647, 849, 1144, 1292, 1386, 1478
38, 182, 720, 954, 1183
289, 442, 709, 766, 826, 883, 892, 1332
0, 67, 399, 555, 1184, 1284, 1448, 1488
214, 403, 524, 708, 717, 1233, 1253, 1458
828, 1194, 1209, 1304, 1354, 1412
14, 66, 306, 571, 813, 849, 1043, 1173, 1387, 1405, 1421, 1428
63, 222, 1113, 1149, 1325, 1382
193, 219, 289, 331, 371, 827, 1247
173, 227, 439, 648, 993, 1002, 1190, 1239
329, 402, 404, 516, 1269
208, 272, 649, 709, 738, 1118
238, 357, 769, 1030, 1047, 1499
287, 571, 688, 1112, 1135, 1147, 1275, 1354, 1437
243, 272, 289, 467, 524, 543, 572, 627, 946, 1468
325, 388, 624, 800, 1292, 1412
241, 512, 527, 623, 1026, 1286, 1294, 1374
87, 610, 662, 738, 784, 852, 893, 1233, 1253
150, 361, 474, 494, 568, 807, 1095, 1216, 1284
798, 878, 1276, 1399
40, 415, 462, 529, 814, 1194, 1228, 1348, 1396, 1438, 1479
17, 431, 544, 553, 967, 1195
147, 300, 346, 371, 545, 829, 1277
142, 375, 451, 803, 1132, 1166, 1267, 1416
509, 519, 720, 806
132, 1016, 1239, 1269
146, 628, 903, 929, 982, 996, 1231, 1294, 1412
51, 87, 709
138, 622, 652, 973, 1411
23, 127, 204, 652, 705, 900, 934, 982
194, 883, 981, 1133, 1183, 1247, 1412
403, 459
35, 487, 500, 509, 682, 707, 764, 1118, 1416
80, 371, 418, 782, 931, 1023, 1196, 1273, 1411
17, 86, 125, 209, 277, 378, 432, 553, 901, 953, 1197, 1268
61, 101, 402, 510, 902, 950, 1048, 1094
63, 289, 545, 624, 996, 1025, 1464
231, 316, 446, 990, 1026, 1042, 1412
38, 118, 374, 601, 701, 821, 973, 1165, 1279, 1334, 1452, 1473
86, 100, 190, 353, 604, 628, 998, 1158
46, 221, 368, 442, 827, 1474
72, 217, 329, 455, 644, 963, 1373
348, 400, 574, 689, 1371
40, 117, 140, 166, 182, 377, 760, 863, 1143, 1173, 1210, 1230
26, 439, 518, 710, 797, 1183, 1334, 1389
188, 275, 300, 652, 733, 877, 884, 1186, 1198, 1399
229, 425, 436, 527, 828, 1017, 1048, 1310, 1412, 1462
201, 1051, 1123, 1346
155, 167, 219, 513, 937, 1030, 1105, 1156
222, 451, 467, 616, 1372, 1475
352, 578, 874, 1048, 1233, 1246
259, 464, 537, 674, 771, 798, 909, 999, 1286
147, 307, 422, 518, 673, 925, 954, 1145, 1226, 1394
425, 662, 843, 949, 1326
255, 414, 599, 666, 1474
247, 467, 718, 806, 870
265, 668, 681, 901, 1386
38, 442, 1435
33, 420, 612, 615, 664, 707, 744, 902, 1047, 1233, 1241, 1412, 1475
17, 139, 396, 444, 518, 527, 559, 656, 723, 1085, 1411
258, 259, 293, 870, 973, 1193, 1276, 1296
130, 314, 375, 543, 631, 715, 734, 813, 1034
71, 124, 421, 447, 459, 610, 628, 646, 837, 1092, 1276, 1371
80, 416, 874, 885, 893, 1249, 1321, 1432
