35, 61, 189, 247, 364, 374, 423, 472, 482
108, 124, 272, 291, 335, 371, 493
51, 72, 85, 260, 285, 306, 319, 395, 444
81, 116, 222, 284, 402, 416, 439, 477
9, 238, 283, 339, 347, 353, 404, 461
36, 222, 252, 300, 303, 320, 495
17, 25, 31, 145, 222, 231, 293, 328, 329, 339, 350
109, 140, 192, 217, 221, 333
113, 127, 137, 319, 360
63, 85, 127, 138, 188, 210, 328, 338, 375, 463, 493, 495
43, 120, 283, 389, 419, 446
50, 69, 160, 169, 170, 318, 389, 470
86, 150, 316, 420
17, 78, 123, 192, 240, 280, 378, 473
47, 50, 104, 139, 231, 259, 296, 306, 350, 399, 416, 443
29, 147, 150, 170, 188, 261, 322, 360, 362, 374, 447, 477
69, 78, 86, 104, 210, 455
28, 117, 132, 221, 261, 375, 400, 424, 433, 439, 490
142, 224, 330, 351, 377, 455
38, 132, 146, 247, 277, 278, 280, 282, 325, 326, 371, 372, 444
69, 115, 120, 221, 231, 326, 397, 432
118, 216, 305, 322, 357, 421, 444
36, 69, 85, 142, 190, 283, 335
138, 147, 184, 346, 432, 441
117, 123, 246, 306, 482
43, 50, 68, 142, 246, 335, 425, 431, 480
146, 344, 368, 377, 387, 412, 437, 439
51, 146, 199, 210, 287, 295, 335, 344, 360, 423, 431
47, 69, 132, 138, 360, 453, 456
9, 40, 87, 169, 185, 313, 471
119, 127, 154, 166, 216, 234, 246, 250, 281, 303, 335, 493
52, 109, 175, 190, 247, 446, 453, 471, 480
29, 45, 142, 222, 292, 318, 336
43, 80, 109, 124, 185, 218, 246, 275, 387, 409
8, 144, 186, 234
7, 34, 266, 281, 363
27, 92, 148, 171, 280, 404, 463
63, 259
73, 221, 325, 472
73, 96, 108, 135, 204, 240, 322, 347
14, 146, 230, 326, 391, 430
8, 28, 47, 63, 106, 250, 272, 347, 403, 429
52, 89, 107, 192, 280, 300, 472, 493
40, 120, 149, 316, 318, 437
17, 131, 222, 281, 360, 390, 472
201, 360, 402, 444
167, 300, 435
280, 303, 332, 403, 439, 484
8, 66, 303, 319
3, 69, 78, 173, 267, 293, 373, 447
121, 159, 179, 222, 388
31, 78, 173, 238, 254, 259, 339, 483, 490
13, 39, 286, 306, 325, 339, 359, 360, 371, 418
192, 382, 494, 497
67, 81, 130, 155, 266, 319, 325, 404, 432, 486, 491
39, 90, 147, 163, 169, 297, 343, 375, 403, 425
17, 93, 103, 214, 313, 338
142, 171, 192, 293, 339, 354, 403
139, 144, 160, 272, 377, 403, 492
28, 35, 233, 335, 416, 421, 432, 493
47, 63, 250, 265, 371
16, 220, 240, 247, 248, 274, 339, 432, 448, 471
11, 67, 102, 214, 259, 321, 446
33, 210
92, 104, 152, 159, 222, 293, 353, 425, 444, 477, 487
80, 132, 157, 159, 183, 204, 242, 437
14, 69, 207, 228, 246, 261, 266, 319
109, 214, 471
63, 69, 234, 306, 377, 416
38, 73, 117, 246, 266, 267, 277
5, 22, 137, 144, 236, 283, 350
38, 72, 159, 217, 263, 377, 446
66, 338, 346, 369, 403, 443, 463, 487
28, 51, 110, 210, 230, 237, 286, 356
61, 69, 163, 199, 231, 248, 260, 319, 399, 416, 488
47, 61, 85, 171, 189, 344, 360, 395, 448, 482
65, 74, 87, 212, 214, 246, 335, 340, 409, 420
171, 260, 322, 353
36, 48, 52, 87, 125, 130, 221, 248, 350, 374, 418, 432, 440, 444, 481
62, 69, 87, 129, 142, 222, 272, 300, 306, 356, 391, 487
8, 63, 198, 213, 335, 360, 404, 480
28, 109, 213, 233, 298, 375, 378, 380, 431
87, 106, 222, 238, 274, 288, 326, 449, 492
154, 178, 193, 219, 243, 266, 424
51, 168, 219, 281, 332, 371, 436, 438
72, 144, 167, 209, 240, 344, 388, 436, 470, 487, 493
69, 78, 208, 210, 247, 300, 325, 348, 363, 371, 410, 420, 446, 477
38, 47, 68, 144, 281, 414, 415, 455, 472, 487
120, 127, 135, 316, 374, 449, 477
76, 121, 217, 219, 359, 429
17, 51, 87, 93, 100, 132, 214, 247, 371, 394
11, 62, 139, 142, 170, 231, 246, 259, 364, 377, 493
17, 69, 127, 221, 289, 496
63, 168, 348
17, 89, 107, 109, 293, 319, 412, 430
38, 68, 107, 125, 166, 272, 335, 416, 447, 474
9, 96, 127, 132, 169, 183, 281, 339, 439
209, 221, 229, 304, 414, 492
106, 139, 150, 154, 279, 295, 395, 402, 451
39, 72, 154, 170, 209, 316, 399, 402, 412, 439
25, 38, 87, 93, 102, 128, 181, 192
38, 46, 168, 186, 300, 447, 456
33, 43, 89, 107, 108, 169, 280, 374
36, 48, 62, 85, 124, 168, 176, 222, 247, 319, 339, 414, 419, 492
10, 116, 147, 155, 192, 302, 374, 378, 387, 405
8, 66, 169, 303, 319
89, 132, 154, 194, 207, 221, 289, 317, 399, 456
9, 145, 213, 273, 281, 344
36, 46, 132, 150, 160, 171, 233, 234, 346, 399, 446
60, 67, 125, 147, 233, 303, 416, 429, 432, 446, 471, 490
48, 67, 152, 178, 182, 193, 222, 293, 300, 319, 432, 446, 471
38, 94, 146, 319, 344, 368
29, 38, 57, 171, 209, 246, 377, 438
9, 28, 69, 116, 201, 248, 374, 412, 425
7, 29, 86, 100, 131, 139, 169, 409
18, 38, 107, 145, 150, 171, 198, 241, 289, 318, 319, 368, 399, 412, 442
41, 101, 138, 154, 155, 216, 235, 293
106, 107, 115, 120, 124, 170, 171, 213, 231, 319, 405, 432
66, 154, 214, 248, 293, 447
55, 87, 94, 107, 231, 282, 446, 471
61, 72, 127, 174, 201, 216, 227, 277, 330, 481, 484
6, 8, 38, 69, 238, 292, 300, 334, 354
10, 17, 63, 69, 70, 121, 238, 248, 300, 318, 319, 371, 374, 471, 473
132, 133, 147, 150, 281, 420, 443
258, 339, 453, 455
3, 28, 69, 77, 281, 335, 377, 453
23, 33, 208, 416, 471, 472
163, 197, 213, 300, 418, 486
96, 123, 144, 319, 368, 387, 403, 487
68, 155, 298, 300, 306, 312, 371, 402, 432
3, 81, 86, 281, 283, 313, 356, 400, 432, 447, 472, 477
8, 19, 21, 62, 168, 330, 395, 397, 445, 474
69, 77, 93, 121, 123, 146, 209, 277, 366, 443
42, 97, 112, 171, 172, 210, 219, 259, 336
21, 48, 110, 242, 330, 350, 480
73, 246, 273, 325, 390, 416, 431, 455, 456, 482
27, 43, 109, 111, 154, 219, 228, 273, 331, 397, 398
28, 60, 118, 214, 340, 425
17, 52, 78, 86, 87, 94, 125, 155, 195, 222, 247, 303, 405, 411, 416, 484
13, 124, 159, 231, 280, 293, 360, 472
23, 159, 188, 209, 277, 338, 459, 472
33, 36, 63, 108, 187, 193, 325, 378
208, 324, 333, 348, 399, 483
69, 103, 188, 238, 397
51, 63, 72, 85, 260, 285, 306, 319, 326, 395, 444
6, 22, 35, 86, 92, 106, 132, 217, 220, 272, 283, 331, 416, 423, 456, 471
33, 140, 360, 368, 474
28, 69, 116, 374, 412, 425
25, 69, 126, 179, 265, 274, 311, 437, 466, 481
36, 69, 125, 339, 440, 444, 446, 487, 490
114, 238, 281, 332, 400, 444, 472, 493
8, 66, 125, 133, 247, 283, 293, 306, 377, 403, 423
76, 87, 181, 322
29, 99, 127, 271, 405, 414, 416
33, 185, 337, 439, 446, 484
69, 86, 135, 311, 432, 439, 477
63, 133, 140, 154, 219, 234, 247, 371, 430, 471
7, 47, 90, 118, 125, 148, 220, 242, 380, 426, 436
86, 108, 118, 132, 139, 216, 364, 443, 455, 480
38, 103, 228, 319, 322, 360, 482
28, 50, 95, 109
7, 69, 124, 147, 299, 374
43, 89, 116, 150, 170, 188, 293, 420, 485
51, 69, 80, 83, 87, 119, 126, 155, 156, 163, 182, 246, 274, 319, 336, 366, 403, 405, 490
52, 127, 451, 477, 486
8, 215, 298, 302, 360, 380, 414, 436, 455
63, 67, 155, 194, 247, 309, 412, 444
125, 274, 337, 437
40, 48, 93, 117, 128, 146, 181, 191, 204, 324, 333, 465, 483
147, 217, 368, 410, 446
29, 67, 118, 155, 214, 247, 282, 364
39, 55, 124, 163, 198, 236, 444
36, 117, 247, 281, 283, 311, 316, 348, 374, 419, 444, 490
214, 246, 248, 265, 274, 326, 487
9, 255, 400
47, 143, 173, 205, 222, 238, 272, 307, 332, 399
147, 326, 368, 372, 402
50, 85, 116, 241, 318, 322, 405
38, 72, 100, 101, 106, 125, 246, 248, 385, 442, 471
3, 69, 120, 170, 194, 371, 437, 464
127, 232, 240, 326, 339, 347
33, 81, 140, 145, 176, 231, 360, 368, 400, 439, 474
53, 116, 179, 209, 277, 396, 453
63, 68, 83, 86, 148, 171, 183, 229, 347
7, 125, 127, 171, 341, 395, 440
87, 101, 135, 150, 193, 325, 331, 436, 462
36, 40, 48, 51, 127, 139, 167, 188, 285, 289, 306, 366, 374, 416, 425, 481
107, 108, 221, 336, 402, 486
36, 112, 157, 185, 266, 300, 359, 438, 472
90, 253, 344, 371, 387, 416, 459, 474, 492
10, 19, 22, 231, 268, 405
47, 289, 377, 405, 460, 471
25, 137, 277, 426
36, 69, 259, 283, 348, 472
34, 61, 93, 119, 167, 170, 246, 293, 364, 368, 477
40, 100, 116, 231, 234, 449, 490
36, 38, 180, 187, 197, 248, 293, 303, 400, 409
66, 96, 97, 132, 281, 400, 439, 486
35, 39, 116, 234, 240, 356, 388, 418, 447
69, 86, 161, 180, 240, 266, 272, 289, 351, 368, 471, 477
170, 171, 420
100, 167, 180, 234, 359, 465
61, 192, 412
31, 83, 259, 321
14, 55, 71, 147, 221, 238, 277, 289, 395, 409
80, 233, 347, 414, 443
14, 139, 362, 374, 436
170, 171, 247, 445, 483
40, 63, 80, 107, 127, 146, 148, 222, 240
11, 74, 83, 104, 117, 123, 213, 217, 289, 338, 374, 424, 436, 456
21, 172, 233, 274, 300, 325, 368
67, 81, 97, 160, 242, 259, 318, 494, 495
11, 36, 116, 127, 209, 259, 277, 396, 453, 464, 470
38, 81, 209, 284
3, 47, 78, 199, 326, 328, 405, 424
14, 55, 71, 221, 238, 385, 460
11, 73, 325, 377, 402, 459, 461
48, 94, 353, 359, 371, 443
135, 146, 226, 438, 478
28, 69, 127, 300, 306, 328, 401, 441, 497
0, 69, 123, 144, 247, 267, 284, 289, 299, 371, 410, 419, 420, 442
83, 99, 124, 159, 215, 248, 356, 358, 385, 442
111, 221, 281, 316, 374, 410, 429
101, 144, 160, 172, 221, 331
11, 49, 154, 189, 222, 247, 421, 444
107, 172, 346, 412, 416
38, 127, 130, 197, 353, 425, 469
127, 168, 176, 182, 204, 324, 387, 420, 467
69, 131, 135, 138, 246, 472, 482
69, 109, 214, 330, 344, 354, 378, 471
52, 109, 175, 190, 247, 446, 453, 471, 480
104, 138, 201, 318, 344, 446
43, 48, 100, 127, 209
10, 118, 160, 259, 302, 319, 395, 484
69, 339, 440, 487, 490
4, 116, 132, 150, 259, 318, 325, 360
85, 159, 238, 274, 335, 336, 421, 425
63, 69, 169, 179, 274, 311, 344, 481, 492, 493
66, 104, 154, 255, 307, 399, 416, 455
11, 36, 67, 95, 127, 258, 284, 347, 371, 372, 412, 441, 471
62, 160, 374, 398
8, 115, 222, 250, 405, 461
9, 40, 87, 152, 169, 170, 185, 313
40, 169, 185, 187, 192, 261, 347, 395, 405, 412, 459
123, 144, 318, 321, 371
14, 33, 148, 155, 221, 229, 426
88, 238, 283, 319, 435, 441
10, 40, 43, 147, 157, 182, 214, 229, 318, 362
69, 94, 227, 338, 359, 360, 377, 405, 412, 415, 440, 443, 464, 490
36, 72, 73, 77, 233
36, 85, 140, 180, 192, 201, 234, 293
13, 51, 63, 148, 213, 222, 241, 277, 400, 401, 437
35, 117, 138, 293, 374, 378, 464
20, 62, 100, 106, 127, 140, 241, 277, 433, 480, 483
81, 182, 187, 329, 334
17, 107, 148, 172, 346, 353, 374, 412
127, 144, 274, 328, 463
72, 121, 222, 444, 453, 471, 486
34, 132, 425, 482
192, 238, 272, 462
72, 94, 193, 263, 281, 371, 403, 438
38, 150, 192, 214, 342, 374, 395, 397
9, 233, 371, 398, 419, 437, 472
29, 63, 169, 182, 222, 439
20, 125, 129, 238, 298, 325, 442, 444, 480
5, 11, 63, 69, 227, 300, 403, 471
139, 205, 323, 364, 403, 414, 490, 494
17, 28, 71, 110, 111, 127, 160, 195, 207, 221, 227, 255, 289, 388, 459
82, 87, 124, 348, 409, 444, 461
233, 418, 425, 459, 484, 490
51, 72, 93, 119, 147, 168, 176, 193, 272, 289, 318, 416, 490
142, 149, 262, 312, 403, 409, 432
9, 63, 108, 109, 119, 371, 437, 442
38, 125, 259, 293, 339, 359, 385, 402, 471
39, 48, 117, 139, 325, 385, 493
39, 71, 75, 117, 219, 231, 240, 245, 295, 354
100, 210, 293, 446, 472, 490, 493
3, 106, 107, 182, 416, 441, 447, 495
17, 38, 40, 42, 67, 112, 121, 420, 472
107, 192, 364, 399, 419, 454, 491
81, 214, 359, 400, 425
59, 78, 127, 283, 431, 437
66, 125, 247, 274, 377, 380, 423
3, 14, 147, 159, 166, 209, 232, 280, 283, 335, 353, 374, 414, 416, 438, 490
34, 47, 48, 147, 150, 375, 444
17, 127, 142, 151, 188, 289, 352
36, 300, 402, 444, 471
7, 69, 142, 192, 207, 247, 443
7, 12, 41, 120, 170, 171, 221, 267, 334, 368, 444, 477
52, 351, 368, 395, 410, 446, 455
11, 57, 62, 154, 189, 222, 286, 399, 405, 421, 444
17, 97, 155, 169, 344, 374, 414, 484
100, 138, 329, 437
36, 142, 185, 221, 237, 372, 403, 439, 455
107, 147, 179, 404
175, 266, 318, 368, 404, 424
14, 291, 322, 360, 413, 416
7, 43, 131, 133, 139, 274, 318, 346, 385, 403, 409
34, 76, 89, 101, 113, 123, 124, 127, 144, 169, 238, 326, 371, 374, 416, 420
69, 146, 159, 190, 203, 210, 221, 233, 344, 449, 471, 490
38, 72, 212, 346, 471, 481
63, 203, 234, 259, 274, 405, 442, 460, 490
92, 109, 142, 360, 395, 404, 412
86, 132, 210, 346, 417
67, 69, 104, 264, 362, 374
29, 67, 118, 155, 214, 247, 282, 364
33, 74, 80, 187, 214, 278, 368, 471
72, 93, 140, 172, 428, 444, 471, 490
11, 337, 416, 483
68, 69, 207, 246, 266, 319, 399, 402, 416, 484
29, 71, 74, 214, 217, 287, 322, 428, 440
43, 63, 154, 259, 395
39, 98, 101, 144, 146, 306, 350, 387, 471
11, 28, 106, 281, 471
192, 201, 216, 392, 397, 399, 403, 428
48, 163, 238, 284, 368, 445, 474, 497
12, 38, 63, 90, 300, 334, 481
38, 80, 117, 147, 180, 209, 247, 444, 472
132, 159, 206, 240, 282, 293, 392, 459, 477, 487
63, 112, 194, 214, 309, 375, 412, 444, 484, 488
69, 183, 344, 439
3, 21, 68, 112, 145, 233, 248, 274, 281, 443, 444, 485
137, 159, 169, 325, 438, 454, 478
27, 267, 280, 371, 490
38, 63, 68, 85, 220, 241, 293, 353
8, 38, 132, 168, 456
10, 11, 207, 412, 477, 486
3, 23, 85, 118, 133, 163, 222, 259, 374, 431
63, 73, 132, 139, 348, 402, 414, 461, 494
14, 33, 63, 108, 348, 400, 416
42, 319, 340, 387, 420, 436, 487
40, 69, 98, 101, 118, 132, 178, 266, 281, 330, 401, 422, 432, 455, 472, 495
74, 117, 192, 213, 259, 309, 402, 471, 495
33, 49, 143, 151, 160, 188, 289, 344, 444, 471
33, 38, 69, 73, 108, 195, 246, 291, 438, 439, 463, 486, 491
14, 36, 72, 188, 200, 205, 233, 272, 409, 465, 477, 497
132, 137, 339, 425, 490
38, 41, 79, 145, 157, 251, 322, 401, 409
78, 93, 203, 213, 353, 359, 485
36, 125, 444, 446
192, 209, 318
71, 93, 108, 130, 263, 278, 325, 337, 455
10, 11, 324, 378, 397
90, 158, 178, 329, 425
9, 35, 93, 217, 300, 444, 488
29, 62, 87, 176, 289, 318, 374, 403, 444
238, 285, 300, 416
28, 36, 39, 57, 63, 68, 97, 289, 300, 306, 470
9, 169, 300, 354
71, 115, 215, 274
90, 116, 145, 176, 222, 353, 364, 387, 398
83, 237, 328, 329, 350, 359, 412, 432, 439, 446, 447
34, 87, 139, 147, 167, 233, 238, 247, 335, 444
267, 319, 331, 441, 478, 495
51, 69, 274, 340, 466, 497
74, 90, 109, 118, 148, 192, 405, 432, 446, 481, 490
38, 48, 74, 344, 412, 414, 450, 465
35, 63, 110, 237, 243
6, 52, 63, 97, 127, 142, 168, 221, 222, 319
17, 87, 188, 354, 359, 414, 446
78, 146, 369, 442, 480
112, 150, 154, 223, 260, 277, 485
147, 402
3, 137, 169, 170, 330, 360, 385, 423
67, 142, 170, 219, 222, 336, 346, 423, 439
69, 85, 247, 416, 472
11, 148, 325, 442, 444
0, 9, 13, 25, 118, 160, 201, 234, 274, 420, 480, 497
63, 368, 471
48, 51, 259, 368, 372, 471
39, 85, 140, 185, 238, 300, 375, 405, 471, 490
36, 48, 89, 107, 112, 120, 160, 263, 424
7, 43, 131, 133, 139, 318, 346, 385, 403, 409
31, 39, 163, 234, 266, 300, 350, 385, 397, 472, 486
96, 123, 144, 387, 403, 487
11, 38, 40, 66, 76, 90, 221, 299, 392, 420, 438, 457
25, 38, 67, 93, 107, 132, 169, 188, 192, 220, 221, 238, 371, 405, 414
6, 9, 70, 179, 193, 226, 263, 337, 490
14, 115, 127, 163, 432, 444
48, 61, 63, 67, 161, 272, 304, 326, 339, 402, 403, 443, 471
325, 455
41, 87, 132, 212, 298, 326, 377, 437, 487, 499
71, 80, 125, 132, 146, 148, 209, 289, 330, 412, 423, 435, 444, 472
159, 209, 353, 414, 416, 490
61, 189, 198, 247, 272, 319, 368, 451, 482, 486
8, 66, 303, 319
8, 169, 187, 222, 283, 347, 374, 412, 459, 471, 472
19, 21, 48, 81, 187, 238, 283, 306, 322, 327, 330, 486
17, 125, 132, 250, 347, 439, 488, 490
28, 36, 124, 163, 182, 188, 201, 238, 280, 281, 316, 318, 333, 436, 442, 451, 454
283, 421, 487
36, 61, 147, 148, 192, 337, 338, 409, 412, 416, 444, 470
87, 123, 147, 293, 300, 351, 398, 480, 481
0, 85, 116, 124, 347, 463
8, 34, 76, 176, 255, 306, 437, 491
66, 67, 87, 116, 140, 145, 389, 395, 472
87, 127, 138, 157, 173, 254, 274, 300, 347, 359, 456, 477, 480, 484
3, 17, 38, 44, 62, 66, 117, 299, 374
274, 281, 283, 319, 322
87, 108, 138, 216
69, 126, 274, 311, 481
26, 34, 61, 76, 259, 272, 418, 432
130, 201, 221, 231, 368, 404, 405
51, 63, 72, 85, 179, 260, 285, 306, 319, 395, 444
3, 425, 444
174, 222, 252, 274, 328, 329, 466, 483, 492
132, 155, 293, 316, 371, 374, 420, 446
33, 86, 90, 154, 303, 318, 354
18, 35, 89, 118, 150, 309, 445
17, 63, 238, 248, 318, 371, 473
3, 9, 83, 86, 116, 142, 148, 190, 217, 432, 461
147, 214, 221, 233, 246, 293, 319
23, 51, 87, 178, 318, 446, 460
46, 132, 160, 399
127, 160, 186, 193, 215, 267, 274
48, 89, 240, 328, 353, 363, 366, 375, 483, 490
38, 117, 150, 246, 287, 291
1, 8, 81, 116, 222, 247, 372, 374, 416, 425, 436, 486
95, 117, 233, 405, 432
9, 43, 188, 222, 227, 274, 281, 459, 487
38, 46, 52, 94, 168, 186, 300, 346, 447, 456
62, 116, 132, 150, 246, 389, 409, 462, 480
47, 79, 192, 205, 318, 359, 432, 455, 464, 471
63, 118, 127, 137, 199, 233, 234, 240, 338, 342, 471
139, 205, 323, 364, 403, 414, 490, 494
38, 117, 132, 238, 247, 275, 395
51, 119, 176, 193, 318
267, 280, 490
48, 62, 127, 150, 246, 281, 397, 409
38, 53, 70, 125, 156, 171, 221, 246, 289, 420, 456, 471
17, 217, 391, 418, 484, 487
22, 28, 95, 109, 487
9, 95, 197, 201, 248, 284, 289, 399, 418
36, 38, 150, 182, 188, 299, 339, 447, 471
17, 51, 153, 280, 319, 412
38, 80, 273
40, 219, 229, 261, 402, 418, 446, 469
17, 85, 221, 277
101, 112, 132, 136, 319, 387
222, 335, 395, 471
21, 87, 159, 192, 325, 335
139, 176, 280, 291, 380, 402
5, 26, 107, 109, 306, 342, 360
89, 96, 141, 155, 188, 289, 422, 437
40, 71, 247, 303, 442
159, 441, 461
36, 38, 41, 47, 83, 127, 176, 307, 360
118, 137, 425, 446
0, 49, 219, 238, 325, 360, 371, 414, 420
85, 197, 221, 461
63, 76, 117, 176, 217, 261, 360, 374, 414, 441, 481
0, 80, 137, 181, 339, 353
5, 35, 52, 103, 127, 387, 443, 474
31, 69, 70, 124, 340, 371, 395, 444, 462
29, 100, 123, 274, 402
39, 66, 107, 154, 179, 259, 392, 404, 463, 491
26, 40, 71, 87, 233, 304, 368, 374
61, 136, 217, 246, 371, 420
29, 48, 140, 182, 209, 352, 472
35, 83, 143, 201, 311, 325, 365, 456
154, 350, 404, 432, 439, 444
91, 97, 130, 140, 147, 163, 321, 416, 423
27, 30, 143, 222, 477
36, 48, 112, 150, 180, 229, 248, 283, 289, 432
62, 81, 87, 142, 241, 375, 484
11, 63, 74, 121, 176, 214, 326, 348, 490
62, 85, 107, 154, 182, 284, 293, 326
116, 137, 159, 188, 209, 214, 387
169, 337, 374, 403
8, 29, 83, 95, 441
81, 145, 146, 231, 243, 282, 359, 387, 440, 490
38, 44, 109, 171, 172, 274, 294, 297, 298, 314, 375, 401, 418, 437, 467
38, 69, 80, 114, 226, 293, 303, 306, 474
104, 118, 132, 169, 222, 226, 357, 403, 446
138, 280, 281, 282, 420, 425, 438, 490
10, 17, 125, 139, 246, 300, 444, 462
0, 87, 99, 101, 104, 155
9, 127, 152, 163, 182, 306, 320, 443, 480
35, 87, 101, 135, 150, 193, 235, 325, 331, 436, 462
19, 27, 147, 246, 299, 348, 395, 400, 473
51, 100, 104, 139, 238, 367, 371, 374, 392, 461
9, 238, 283, 347, 353, 404, 461
36, 85, 155, 164, 248, 336, 388, 402, 486
36, 174, 182, 347, 404, 419
41, 154, 197, 221, 261, 274, 412, 420, 448
48, 67, 74, 124, 246, 350, 444
237, 329, 412, 432, 439, 447
26, 29, 117, 155, 163, 288, 432
77, 85, 226, 443
73, 246, 273, 325, 390, 416, 431, 455, 456, 482
103, 107, 143, 147, 204, 280
85, 205, 246
11, 36, 74, 83, 436, 456
17, 51, 93, 100, 132, 214, 247, 394
51, 69, 117, 274, 340, 387, 466, 497
69, 131, 135, 138, 246, 472, 482
4, 69, 140, 170, 336
87, 123, 147, 293, 300, 351, 464, 480, 481
12, 63, 247, 297, 477
55, 71, 221, 238, 277, 329, 385
11, 108, 148, 189, 374, 387, 474
0, 339, 377, 414, 415, 431
66, 187, 248, 293, 447
10, 17, 118, 160, 259, 281, 300, 319, 374, 392, 422, 484
33, 38, 69, 73, 108, 195, 246, 291, 438, 439, 463, 486
39, 85, 101, 132, 240, 293, 335, 436
10, 63, 117, 238, 252, 263, 281, 300, 357, 456, 469
95, 186, 208, 217, 495
11, 34, 38, 68, 274, 289, 293, 386, 432
36, 112, 318, 387, 412, 490
10, 67, 86, 209, 293
74, 75, 87, 127, 168, 318, 395
69, 132, 281, 325
28, 47, 50, 95, 109
80, 83, 294, 437, 438
87, 107, 124, 125, 139, 338
19, 69, 83, 300, 303, 326, 471
197, 300, 318, 328, 404
70, 147, 192, 248, 335, 472, 495
140, 182, 306, 348, 414, 416, 456
63, 139, 171, 198, 203, 214, 216, 222, 319, 371, 480
10, 118, 160, 259, 302, 319, 395, 425
68, 124, 170, 171, 207, 235, 317, 325, 326, 366, 399, 410
17, 38, 96, 171, 172, 176, 247, 294, 314, 400, 418, 480
86, 95, 130, 169, 171, 185, 188, 326, 335, 374
118, 166, 240, 300, 319, 325, 442, 472, 488
192, 232, 240, 326, 330, 339
9, 35, 70, 93, 105, 193, 217, 300, 319, 325, 395, 425, 444, 488
24, 47, 314, 324, 330, 438
69, 117, 123, 350, 437, 459
40, 120, 149, 316, 318, 437
192, 347, 432
100, 192, 246, 277, 289, 395, 432, 497
78, 93, 203, 213, 359, 485
63, 106, 125, 336, 368, 404, 417
11, 20, 63, 117, 154, 170, 172, 360, 374, 400, 416, 486
63, 109, 214, 217, 371, 471
104, 118, 132, 169, 222, 226, 357, 403, 446
107, 117, 169, 210, 219, 220, 402, 410
36, 60, 166, 171, 197, 363, 377, 412, 464
38, 67, 74, 191, 295, 347, 402, 463
36, 87, 147, 212, 300, 339, 364, 437, 487, 494
97, 190, 219, 337, 423, 448
60, 150, 284, 354, 440, 493
51, 63, 72, 85, 285, 306, 319, 395, 444
39, 87, 112, 169, 222, 232, 248, 448, 455, 493
10, 14, 173, 221, 295, 418, 456
100, 137, 209, 274, 388, 471
170, 246, 274, 277, 289, 314, 380
6, 59, 80, 87, 149, 219, 236, 258, 326, 344
36, 142, 221, 335, 372, 403, 455
87, 118, 336, 375
11, 29, 35, 39, 107, 127, 150, 201, 299, 423, 431, 477
17, 104, 169, 259, 281, 402, 444
7, 106, 266, 281, 405
38, 53, 70, 75, 91, 125, 156, 171, 220, 221, 246, 289, 420, 471
8, 63, 247, 281, 306, 325, 359, 374, 377
43, 69, 118, 132, 246, 307, 387, 401, 414, 422, 432, 471
216, 300, 333, 436
85, 124, 130, 139, 234, 316, 326, 359, 399
89, 176, 414, 430, 443
146, 371, 492
63, 112, 194, 309, 375, 412, 444, 488
43, 87, 217, 416, 418, 484
91, 148, 222, 389
10, 40, 43, 157, 214, 318, 362
36, 51, 63, 85, 203, 306, 402, 405, 412
119, 127, 246, 335
18, 51, 112, 158, 160, 267, 299, 444
17, 38, 190, 219, 222, 227, 326, 337, 371, 402, 423, 448, 454, 487, 492
7, 12, 120, 170, 171, 267, 334, 368, 477
23, 38, 80, 222, 273, 322, 400, 405, 497
45, 63, 221, 238, 364, 446
77, 146, 185, 235, 238, 335, 344, 368, 377, 387, 388, 412, 437, 439, 495
11, 14, 55, 71, 87, 168, 221, 277, 414, 416, 439, 460
124, 127, 132, 188, 289, 293, 297, 441, 454, 494
36, 38, 137, 181, 219, 333, 432
27, 30, 71, 108, 133, 143, 144, 172, 217, 259, 359, 457, 459, 477
4, 63, 119, 127, 155, 293, 371, 402, 403
35, 73, 295, 378, 416, 464
11, 62, 101, 113, 222, 312, 318, 395, 416
9, 36, 132, 147, 179, 274, 291, 307, 328, 442
35, 218, 238, 261, 374, 387, 414
9, 178, 192, 283, 339, 360, 405, 444, 463
34, 125, 171, 323
72, 163, 254, 294, 300, 359, 412, 420, 480, 499
103, 188, 238, 397
72, 372, 374, 432, 456
25, 48, 103, 137, 169, 204, 227, 300, 425, 456
8, 27, 92, 148, 171, 191, 280, 318, 404, 439, 463
35, 59, 132, 169, 334, 432, 442
36, 62, 179, 274, 328, 346, 395, 404, 442, 468
10, 76, 111, 135, 198, 267, 280, 335, 360
28, 106, 112, 158, 193, 299, 339, 378, 442
63, 144, 209, 335, 404, 471
60, 61, 179, 261, 400, 405, 481
93, 119, 140, 171, 247, 403, 425, 432, 443
87, 101, 163, 169, 181, 209, 270, 330, 416
29, 38, 57, 63, 67, 171, 209, 246, 247, 300, 377, 403, 438, 464, 472
127, 144, 274, 328, 463
238, 319, 353, 374
9, 29, 87, 176, 289, 318, 374, 418, 437, 444
4, 10, 138, 191, 216, 219, 235, 293, 444, 456
10, 51, 53, 87, 119, 131, 330, 366
124, 207, 222, 319, 377, 418
229, 247, 319
11, 74, 83, 217, 289, 436, 456
38, 293, 402
62, 100, 160
8, 51, 97, 127, 135, 248, 301, 328, 382
27, 127, 135, 272, 357, 423, 446
62, 83, 117, 215, 248, 283, 358, 377
28, 106, 145, 158, 246, 299, 371, 377, 378
30, 49, 142, 234, 289, 316, 352, 371, 431, 437
11, 36, 154, 171, 179, 331, 451
61, 192, 205, 289, 374, 412, 477
11, 38, 85, 246, 259, 444, 454
11, 36, 39, 118, 130, 144, 248, 260, 283, 319
11, 38, 83, 228, 284, 299, 318, 329, 346, 360, 374, 417, 488
9, 62, 100, 127, 160, 300, 304, 384, 398
161, 304, 339, 403
69, 86, 222, 272, 377, 402, 435
8, 11, 35, 69, 147, 299
71, 78, 123, 188, 224, 302, 325, 404
124, 135, 138, 217, 259
29, 124, 282, 286, 289, 416, 439, 477
21, 100, 112, 144, 184, 303, 318, 399, 416, 497
29, 47, 73, 78, 87, 112, 128, 216, 418, 420, 432, 464
14, 71, 172, 217, 359, 360, 385, 405
80, 214, 277, 293, 424
28, 36, 69, 86, 102, 277, 300, 480
17, 38, 57, 61, 73, 192, 238, 300, 342, 344, 405, 438, 442, 445, 455, 482, 486
13, 154, 259, 409
8, 132, 140, 247, 357
21, 90, 152, 170, 183, 202, 281, 329
16, 96, 132, 150, 189, 280, 360, 378, 432, 439, 480
399, 412
38, 132, 221, 360, 377, 451, 472
167, 188, 202, 273, 316, 385, 480
61, 107, 143, 202, 204, 248, 281, 414, 419, 486
150, 331, 339, 340, 416, 427, 472
23, 170, 222, 242, 300, 399, 455
73, 154, 274
74, 117, 192, 213, 259, 402, 471, 495
3, 21, 145, 252, 259, 318, 443, 485
49, 63, 137, 190, 360, 400, 405, 485
209, 221, 325
120, 127, 135, 316, 374, 449, 477
11, 29, 51, 174, 322, 377, 399, 473
118, 131, 148, 221, 314, 404
8, 14, 43, 78, 87, 179, 205, 213, 281, 335, 364, 374, 388, 453, 484
29, 139, 150, 173, 209, 424, 442, 486
104, 118, 132, 169, 222, 226, 357, 403, 446
25, 179, 204, 300, 311, 358, 374, 412, 464
8, 16, 18, 70, 85, 127, 192, 303, 316, 430, 471, 480
66, 98, 402, 416
70, 72, 213, 246, 274, 281, 347
40, 49, 132, 139, 263, 321, 374, 385, 432
9, 96, 127, 132, 169, 183, 281, 339, 439
75, 274, 311, 318, 368, 399, 404, 425, 444
73, 150, 154, 242, 274, 293, 320, 359, 482
43, 50, 124, 258
123, 311, 455
73, 147, 163, 222, 490
93, 140, 171, 247, 403, 432, 443
119, 183, 192, 198, 246, 294
291, 444
42, 69, 97, 132, 147, 172, 173, 210, 247, 307, 471
27, 107, 192, 209, 300, 409, 425
11, 36, 102, 148, 173, 326, 364, 388, 440, 444, 472
101, 119, 137, 347, 439
140, 186, 423, 482
100, 104, 116, 146, 219, 221, 248, 293, 360, 374, 423
92, 159, 190, 381, 425, 477
36, 71, 222, 231, 247, 300, 412, 416
23, 93, 193, 210, 246, 248, 353, 493, 495
95, 221, 416
132, 145, 147, 170, 188, 233, 277, 350
221, 340, 444, 472
182, 248, 252, 456
12, 16, 17, 35, 63, 299, 319, 374, 418, 482
36, 97, 125, 229, 235, 237, 356, 371, 437
43, 59, 167, 209, 319, 368
80, 83, 231, 263, 374, 384, 425, 432
33, 62, 81, 87, 142, 150, 188, 206, 248
26, 73, 76, 109, 219, 306, 310, 342, 360
103, 119, 123, 155, 221, 324, 464, 497
97, 227, 261, 351, 484, 492
38, 171, 172, 247, 294, 418
14, 55, 71, 221, 238, 385, 460
18, 73, 118, 248, 260, 283, 375
103, 283, 456, 471
51, 109, 137, 150, 428
23, 61, 125, 150, 283, 300, 433, 444
116, 188, 201, 246, 248, 261, 263, 277, 372, 374, 399, 432, 443, 480
38, 71, 107, 119, 127, 152, 246, 274, 412
34, 71, 127, 129, 166, 178, 238, 354, 442, 465
83, 106, 215, 263, 314, 334, 423
116, 160, 215, 286, 318, 360, 487
28, 38, 71, 86, 89, 100, 214, 221, 303, 307, 444, 484, 494
39, 66, 146, 152, 281, 318, 368, 416, 437, 447, 481
147, 214, 221, 233, 246, 293, 319
21, 36, 140, 169, 188, 444, 478
14, 55, 71, 168, 221, 238, 385, 460
60, 139, 155, 170, 195, 214, 293, 377, 402
71, 217, 324, 391, 400, 439
38, 155, 221, 303, 306, 404, 437
29, 61, 69, 146, 201, 339, 389, 465
28, 51, 124, 138, 238, 281, 418
5, 36, 75, 103, 318, 324, 403, 411, 443
34, 139, 147, 167, 207, 238, 335, 459
80, 233, 347, 414, 443
21, 172, 233, 274, 300, 325
48, 106, 107, 111, 123, 169, 221, 222, 359, 442, 487
101, 121, 123, 148, 420
11, 32, 36, 231, 318, 338, 421, 446
0, 7, 43, 109, 187, 219, 247, 248, 252, 281, 297, 303, 344, 353, 370, 377, 381, 400, 428, 463, 488
5, 36, 75, 103, 318, 324, 403, 411, 443, 474
17, 117, 137, 221, 300, 335, 360, 400, 431
31, 33, 87, 123, 319, 362
8, 33, 240, 259, 318, 348, 402, 463
4, 241, 287, 300, 405, 409, 418
49, 55, 71, 104, 187, 243, 436
8, 118, 144, 186, 216, 234
35, 38, 152, 170, 281
25, 50, 107, 145, 147, 238, 259, 261, 432
17, 69, 123, 289, 353, 371, 482
8, 36, 85, 127, 132, 167, 205, 222, 324, 414, 431
35, 38, 360, 412
192, 281
86, 97, 161, 180, 240, 272, 287, 289, 326, 351, 374
205, 283, 285, 402
20, 117, 188, 283, 351
135, 238, 318, 348
63, 86, 209, 222, 235, 238, 372, 389, 471
87, 221, 222, 360, 412, 420, 432
3, 36, 38, 137, 261, 387, 486
0, 40, 76, 147, 148, 227, 291, 347
43, 100, 150, 405, 420, 455
11, 38, 116, 184, 221, 259, 318, 387, 424, 442, 481, 490
62, 161, 229, 300, 412, 418, 486
75, 86, 145, 322, 329, 403
3, 23, 85, 118, 133, 163, 222, 259, 374, 431
43, 132, 146, 208, 359, 371, 430
65, 87, 246, 409
23, 63, 178, 378
70, 123, 140, 209, 436
108, 300, 389, 402, 471
89, 155, 188, 422, 437
80, 124, 183, 211, 490
300, 354, 456, 474
35, 132, 147, 267, 304, 326, 399, 422, 445, 477
29, 41, 74, 90, 100, 109, 118, 148, 192, 240, 246, 328, 405, 432, 446, 481, 490
74, 261, 351, 492
33, 36, 63, 108, 187, 193, 325, 378
17, 80, 81, 116, 222, 277, 283, 284, 402, 416, 425, 439, 471, 477, 485, 490
4, 38, 209, 246, 432
22, 92, 132, 283, 456, 471
70, 95, 143, 222, 240, 432, 444, 447
55, 116, 148, 181, 242, 292, 377, 421, 457
67, 160, 216, 221, 242, 318, 377, 441, 491
38, 63, 129, 206, 241, 366
35, 95, 100, 145, 147, 163, 197, 208, 306, 319, 375
36, 139, 167, 290, 307, 377
38, 144, 213
10, 28, 117, 231
8, 286, 347, 402
41, 67, 185, 286, 372, 375, 405, 456
74, 75, 87, 127, 168, 318, 395
81, 249, 330, 399, 409, 430, 463, 472
106, 222, 238, 304, 311, 377, 405, 428
3, 87, 203, 221, 325, 360
91, 170, 222, 231, 340, 472
35, 36, 62, 101, 138, 214, 240, 246, 293, 319, 325, 416, 444, 446
38, 80, 114, 226, 293, 306, 436
17, 63, 68, 148, 150, 337, 368, 442
204, 222, 348, 359, 403, 486, 495
9, 33, 38, 47, 74
8, 17, 44, 62, 299, 339, 374, 492
68, 78, 148, 173, 191, 222, 368, 397, 415, 423, 425
38, 40, 152, 170, 185, 203, 267, 281, 368, 412, 417, 420
73, 127, 132, 171, 399
85, 248, 403, 422, 481
63, 172, 281, 344, 462, 471, 492, 493
4, 7, 8, 28, 47, 69, 119, 127, 240, 268, 336, 343, 395, 491
6, 8, 36, 60, 72, 125, 171, 259, 420, 432
188, 276, 290, 302, 350, 484
103, 277, 283, 456, 470, 471
11, 95, 116, 167, 242, 464
85, 127, 240, 300, 337, 358, 402, 444, 487
49, 85, 107, 278, 339, 363
52, 135, 179, 238, 242, 247, 261, 323, 328, 339, 361
11, 80, 95, 127, 167, 176, 257, 277, 335, 387, 412, 416, 443
63, 85, 132, 171, 240, 293, 329, 335, 403, 420
34, 132, 425, 482
8, 25, 34, 61, 163, 418, 482
104, 118, 132, 169, 222, 226, 357, 403, 446
108, 127, 142, 246, 325, 374, 403, 444
61, 73, 214, 238, 328, 432, 437, 446
147, 216, 246, 381, 471
11, 43, 60, 81, 131, 145, 182
29, 166, 202, 293, 425
47, 135, 192, 205, 294, 318, 471
71, 100, 214, 371, 418, 442, 484
63, 72, 117, 183, 188, 285, 306, 319, 395, 410, 416
36, 40, 108, 283, 432, 455, 480, 490
63, 170, 191, 231, 311, 377, 412, 480, 488, 493
17, 19, 36, 279, 326, 364, 471, 481
17, 89, 109, 293, 319, 430
118, 150, 201, 280, 303, 335
44, 48, 117, 124, 128, 132, 133, 158, 169, 173, 382, 419, 483
35, 36, 48, 66, 98, 132, 189, 222, 241, 277, 378, 402, 446
67, 127, 226, 387, 420, 443
60, 124, 145, 446
29, 174, 381, 418
97, 210, 232, 247, 481
31, 51, 72, 109, 139, 150, 168, 219, 227, 273, 281, 332, 371, 395, 399, 436, 438, 492
3, 106, 107, 182, 416, 441, 447, 495
104, 222, 357, 403, 446
43, 62, 72, 91, 188, 234, 300, 399, 423, 446
33, 85, 238, 306, 316, 336, 412, 429
69, 160, 169, 170, 389, 470
7, 69, 87, 142, 331, 348, 479
139, 146, 274, 412, 445, 480
29, 174, 300, 354, 381, 418, 456, 474
11, 41, 95, 171, 405, 448, 493
70, 72, 213, 246, 274, 486
12, 17, 40, 47, 127, 167, 238, 302, 318, 336, 366, 424, 463
47, 101, 111, 123, 124, 213, 378, 412, 416, 417, 437, 497
8, 213, 281, 388, 484
36, 39, 66, 116, 123, 134, 171, 173, 201, 209, 248, 316, 325, 335, 339, 395, 412, 493
48, 67, 146, 159, 169, 397, 448, 455
11, 144, 168, 169, 238, 302, 347, 353, 360
11, 147, 353, 360, 414, 480
21, 87, 159, 192, 325, 335, 486
80, 238, 337, 344, 374, 450
11, 36, 52, 83, 125, 147, 214, 248, 270, 280, 344, 414, 444
51, 342, 371, 439
124, 179, 231, 247, 367, 410, 444, 471
132, 137, 204, 281, 299
8, 27, 124, 163, 248, 318, 330, 439, 460, 488
36, 77, 174, 186, 221, 412, 442, 470
38, 63, 81, 90, 174
14, 115, 127, 163, 432, 444
36, 118, 308, 357, 359
72, 138, 155, 214, 321, 378, 432, 441, 473
63, 150, 198, 283, 293, 303, 318, 337, 444, 477
6, 78, 146, 160, 246, 331, 369, 379, 442, 480, 492, 493
51, 168, 219, 281, 332, 371, 436, 438
83, 270, 274, 444
28, 29, 171, 216, 222, 267, 354, 404, 439, 444, 455, 472
35, 62, 99, 150, 152, 201, 410, 429
167, 188, 202, 273, 316, 385, 480
132, 155, 293, 316, 371, 374, 420, 446
53, 63, 142, 188, 231, 248, 359, 429
38, 47, 68, 144, 281, 414, 415, 455, 472, 487
160, 238, 354, 414, 424
8, 66, 125, 247, 283, 377, 403, 423
31, 55, 69, 73, 78, 146, 160, 221, 247, 274, 325, 369, 427, 442, 472
3, 40, 78, 140, 215, 437, 441, 457
52, 106, 135, 221, 374, 409, 456
89, 132, 154, 194, 207, 221, 317, 399, 456
85, 221, 227, 304, 306, 473
21, 45, 69, 87, 123, 140, 254, 325, 336, 444, 456
321, 372, 388, 405, 416
11, 117, 171, 220, 371, 432
70, 117, 205, 216, 255, 310, 318
61, 144, 146, 217, 258, 266, 313
126, 139, 171, 222, 299, 319, 375, 386, 387, 443
29, 87, 106, 127, 169, 385, 402, 477, 480
38, 135, 219, 274, 387, 474
3, 69, 78, 173, 267, 293, 373, 447
28, 29, 78, 166, 182, 209, 266, 278, 368, 451, 488
23, 238, 248, 334
35, 47, 95, 163, 319, 375
25, 38, 132, 192, 220, 238
8, 106, 192, 210, 222, 259, 343
185
35, 155, 330, 423, 453
53, 116, 176, 396, 430, 437, 477
150, 222, 247, 486
26, 29, 117, 155, 163, 288
38, 39, 117, 132, 150, 154, 259, 351, 357, 439, 464
48, 67, 74, 124, 198, 246, 350, 444
210, 219, 233, 336
139, 146, 274, 412, 445, 480
3, 38, 72, 87, 93, 205, 219, 423
11, 29, 41, 86, 105, 132, 238, 330, 372, 415, 416, 432, 471
26, 28, 72, 100, 173, 422
216, 259, 333, 348, 371, 399, 444
69, 229, 287, 322, 374, 432, 491
16, 17, 28, 35, 75, 103, 123, 127, 299, 374
75, 124, 135, 137, 160, 182, 201, 209, 214, 277, 347, 351
9, 78, 201, 279, 319, 335, 441, 486
207, 437
179, 240, 293, 472
21, 69, 87, 123, 159, 192, 222, 325, 335, 339, 486
3, 5, 86, 111, 199, 247, 265, 382, 388
36, 48, 89, 107, 112, 120, 160, 263, 424
60, 150, 188, 242, 319, 353, 371, 414, 420, 487, 494
154, 186, 286, 335
27, 30, 143, 222, 459, 477
29, 174, 281, 381, 418
28, 39, 57, 63, 259, 289
83, 334, 344, 444
112, 202, 274, 374, 432, 456, 472, 491
13, 14, 29, 135, 160, 419
150, 154, 287, 289, 300, 437, 456
21, 137, 147, 209, 329, 377, 440, 445
116, 403, 414, 422
81, 119, 347, 487
6, 8, 38, 69, 238, 292, 300, 334, 354
202, 212, 303, 384
38, 63, 129, 132, 206, 241, 348, 366
35, 36, 62, 101, 303, 325, 441, 442, 444, 446
45, 85, 109, 139, 147, 170, 368, 444, 460
124, 166, 198, 243, 281, 399
51, 55, 132, 409, 419
51, 69, 117, 252, 281, 340, 414, 490, 497
48, 67, 74, 124, 246, 350, 444
28, 179, 247, 375, 442
5, 28, 121, 145, 188, 216, 306, 432, 477
34, 139, 147, 167, 238, 247, 335, 444
87, 106, 222, 238, 274, 326, 449, 492
69, 193, 247, 283, 353, 379
62, 86, 318, 374, 399, 402, 470
36, 38, 150, 182, 188, 299, 339, 447, 471
39, 147, 170, 204, 222, 338, 357, 405, 409, 460
59, 119, 204, 234, 236, 277, 285
67, 127, 226, 247, 283, 286, 387, 420, 443
23, 93, 193, 210, 246, 248, 353, 493, 495
8, 55, 116, 148, 181, 222, 242, 292, 377, 421, 423, 439, 442, 457
35, 36, 93, 121, 139, 223, 319, 336, 399, 430, 456, 494
14, 50, 63, 147, 179, 238, 392, 447, 480
6, 38, 69, 334
33, 38, 148, 154, 169, 215, 263, 277, 480, 482
71, 83, 259, 281, 328, 348, 413, 422, 432, 446, 456, 494
61, 69, 146, 203, 259, 300, 344, 400, 414, 416, 442, 477
44, 82, 155, 461
38, 228, 284, 299, 318, 329, 360, 374, 488
11, 222, 259, 312, 342, 401
19, 23, 117, 143, 155, 368, 472
14, 36, 63, 67, 173, 377, 404, 439
96, 123, 144, 319, 368, 387, 462, 487
10, 96, 154, 155, 160, 173, 176, 328, 400, 402
49, 50, 87, 209, 416, 425, 432
36, 42, 63, 69, 80, 83, 97, 132, 147, 172, 173, 210, 221, 247, 263, 266, 307, 374, 425, 471
121, 298
61, 69, 146, 203, 259, 300, 306, 344, 400, 414, 416, 442, 449, 477
6, 8, 38, 69, 238, 292, 300, 334, 354
11, 17, 112, 147, 169, 192, 193, 299, 432, 442, 477
55, 61, 63, 87, 138, 221, 374, 432
68, 152, 228, 272, 330, 487
143, 230, 289, 412, 416, 426
40, 142, 356, 392
36, 171, 186, 209, 246, 254, 320
67, 266, 289, 293, 395, 418
71, 217, 219, 316, 347, 364, 418, 457, 467, 493
17, 22, 222, 326, 454, 455, 477
36, 160, 171, 280, 320, 358, 419, 444
29, 112, 214, 333, 344, 420, 424, 464
50, 69, 160, 170, 389, 470
18, 281, 342, 385, 416, 425
18, 85, 163, 240, 315, 330, 374, 435, 453, 459, 461
5, 52, 75, 103, 127, 443, 474
5, 63, 119, 150, 318, 382, 400, 438, 481, 497
28, 222, 354, 359, 439
19, 48, 63, 203, 233, 316, 404, 439
108, 112, 142, 318, 371, 387, 412, 414, 423, 471, 480, 490
8, 73, 139, 155, 219, 241, 334, 372
35, 62, 83, 299, 339, 436
72, 144, 167, 209, 240, 344, 388, 436, 470, 487, 493
38, 80, 114, 226, 293, 303, 306, 474
81, 150, 155, 213, 246, 316
44, 48, 117, 124, 128, 132, 133, 158, 169, 173, 382, 419, 483
7, 59, 106, 128, 337, 361, 405, 420
33, 48, 73, 80, 95, 155, 221, 222, 278, 392, 465, 471
67, 132, 246, 414, 481
36, 85, 140, 180, 192, 201, 234, 293
127, 154, 372, 400, 471
16, 41, 83, 123, 125, 128, 172, 175, 201, 216, 219, 234, 274, 325, 347, 442
38, 81, 130, 274, 289, 293, 374, 377, 392, 439, 472, 478
104, 138, 201, 307, 318, 344, 446
28, 333, 353, 404, 443, 481
3, 11, 80, 214, 274, 316, 416, 471
39, 63, 73, 86, 214, 247, 336, 436, 444
236, 240, 339, 422, 423, 469, 484, 487
39, 87, 112, 169, 222, 232, 248, 448, 455, 493
14, 36, 63, 67, 173, 344, 371, 377, 403, 404, 439, 459, 463, 474
172, 224, 261, 374, 405, 497
28, 69, 116, 374, 412, 425
51, 79, 160, 318, 339, 354, 403, 404, 419
11, 42, 49, 73, 80, 192, 212, 227, 259, 283, 328, 416, 481
155, 259, 283, 399, 472
8, 277, 286, 347, 402
235, 360, 405
72, 106, 127, 210, 293, 350, 395
89, 240, 353, 363, 366
147, 234, 385, 432, 472
33, 36, 63, 108, 193, 325, 378
86, 137, 289, 470
26, 29, 290, 293, 338
63, 102, 288, 347, 444
11, 132, 265, 366, 377, 456
83, 222, 238, 343, 353, 423, 465
123, 137, 209, 330
39, 104, 149, 231, 255, 316, 412, 436
29, 67, 118, 214, 247, 282, 364
14, 71, 172, 217, 359, 360, 385, 405
219, 259, 439, 442, 464
52, 106, 135, 221, 374, 409, 456
68, 155, 298, 300, 306, 312, 371, 402, 432
238, 263, 374
69, 109, 132, 142, 208, 214, 230, 238, 281, 325, 364, 395, 401, 470, 471
29, 43, 81, 87, 201, 281, 316, 318, 432, 446
29, 87, 139, 142, 325, 444, 446
63, 86, 209, 222, 235, 238, 372, 389, 471
11, 83, 87, 127, 298, 391, 399, 425
170, 238, 259, 399, 483
14, 43, 155, 238, 281, 359, 360
18, 139, 171, 261, 333, 377, 415, 430, 482
23, 61, 125, 150, 283, 299, 433
48, 87, 88, 318, 346
168, 243, 399, 486
0, 124, 169, 347, 444, 463
9, 60, 99, 153, 233, 338, 387, 412
9, 48, 57, 59, 69, 119, 222
169, 170, 272, 432, 446, 486
87, 90, 155, 221, 304, 371, 404, 454
14, 71, 72, 140, 224, 238, 325
10, 69, 70, 121, 300, 319, 374, 414, 471
8, 10, 21, 29, 38, 123, 274
90, 258, 274, 344, 388, 459, 464, 474
63, 69, 234, 306, 416
11, 73, 195, 325, 377, 402, 414, 459, 461
48, 67, 169, 405, 414
148, 163, 416, 444
101, 112, 132, 136, 319, 387
29, 71, 74, 214, 217, 287, 322, 428, 440
17, 114, 118, 150, 201, 255, 263, 278, 289, 292, 293, 351, 490
38, 50, 118, 148, 191, 238, 413
21, 147, 209, 329, 377, 445
138, 214, 240, 246, 293, 319, 416
90, 116, 145, 176, 222, 353, 364, 387, 398
43, 120, 160, 318, 397, 416
27, 127, 135, 357, 423, 446
25, 55, 68, 82, 123, 157, 176, 217, 263, 293, 377, 441
35, 36, 48, 63, 101, 103, 138, 188, 248, 302, 329, 364, 366, 477
81, 85, 182, 187, 329, 377, 403, 426, 481
118, 131, 148, 221, 314, 404
174, 204, 248, 328, 440, 471
26, 51, 69, 81, 170, 274, 298, 439, 453, 469, 471
3, 23, 35, 47, 286, 319, 339, 347, 353, 371, 400, 447, 456, 471, 472, 490
9, 36, 48, 51, 138, 147, 212, 238, 246, 274, 277, 347, 400, 442, 463, 492
8, 374, 456
6, 63, 100, 123, 138, 208, 222, 306, 329, 495
10, 23, 36, 67, 78, 118, 150, 306, 358, 495
33, 68, 82, 123, 127, 157, 217, 263, 293, 343, 377
75, 118, 150, 179, 222, 238, 300, 351, 395
36, 90, 118, 202, 308, 357, 359
36, 69, 72, 89, 190, 247, 272, 318, 478
8, 48, 123, 221, 259, 331, 457, 493
140, 182, 306, 348, 414, 416, 456
106, 116, 146, 272, 420, 499
17, 31, 145, 170, 217, 232, 293, 294, 423, 473
28, 69, 83, 116, 143, 194, 283, 374, 412, 425, 436, 472
107, 108, 280, 344
11, 116, 154, 178, 209, 222, 268, 293, 338, 360, 377, 387, 388, 429, 486
66, 222, 446
120, 154, 212, 255, 297, 351, 359, 442
14, 35, 60, 116, 118, 169, 197, 221, 227, 237, 289, 302, 395, 455, 471
67, 154, 222, 248, 258, 336, 369, 423, 496
248, 386, 402, 471, 487
40, 108, 118, 137, 144, 159, 171, 284, 306, 357, 416
5, 57, 168, 359, 432, 480
74, 201, 283, 318, 322, 325, 353, 385, 443, 471, 493
61, 146, 201, 339
3, 21, 50, 333, 401, 420, 469, 481
8, 25, 137, 195, 233, 277, 418, 426
132, 137, 204, 281, 299
11, 337, 350, 416, 483
66, 154, 187, 214, 248, 293, 447
63, 124, 145, 229, 260, 319, 485
38, 112, 118, 183, 186, 302, 375, 380, 469
87, 100, 157, 179, 183, 229, 381, 472, 481
11, 69, 90, 346, 392
4, 51, 61, 73, 83, 89, 318, 325, 358, 412
120, 170, 246, 274, 277, 289, 314, 380
2, 43, 50, 124, 145, 258
11, 83, 127, 298, 391, 399, 425
9, 11, 73, 139, 248, 281, 282, 304, 402, 405, 432
5, 8, 193, 221, 232, 285, 298, 300, 325, 400
29, 38, 57, 171, 209, 246, 377, 438
44, 109, 142, 152, 170, 216, 348, 371, 467
65, 87, 142, 230, 246, 283, 409
52, 209, 259, 268, 278, 324, 337, 339, 351, 395, 402, 410, 423, 455
47, 122, 289, 377, 387, 405, 460, 471
11, 42, 47, 87, 154, 280, 283, 346, 387, 455
42, 89, 116, 138, 150, 209, 286, 335, 490
38, 115, 149, 337, 400
47, 119, 130, 137, 280, 311, 480, 484
7, 85, 182, 325, 371, 444, 484
53
108, 123, 163, 246, 259, 336, 360, 444, 488
38, 61, 152, 182, 222, 233, 281, 320, 339, 437, 480, 482
55, 63, 172, 219, 222, 316, 326, 368, 432, 436
10, 123, 222, 224, 371, 400, 404, 414, 425, 432
19, 34
63, 71, 203, 219, 243, 260, 274, 339, 375, 400, 495, 499
71, 100, 214, 371, 418, 442, 484
50, 142, 146, 169, 248, 404, 425
38, 289, 438
48, 144, 159, 169, 280, 296, 322, 330, 354, 374, 405, 447
25, 227, 238
33, 36, 38, 132, 222, 259, 281
49, 85, 155, 222, 261, 353, 403, 444, 471
49, 170, 192, 304, 316, 439, 444, 492
111, 221, 281, 374, 429
39, 78, 81, 247, 300, 378, 416, 473
48, 51, 61, 109, 209, 289, 298, 333, 356, 416, 432, 447
11, 31, 187, 319, 400
8, 124, 139, 213, 281, 326, 359, 399, 484
74, 117, 192, 213, 259, 402, 471, 495
11, 116, 127, 209, 259, 277
104, 117, 123, 147, 338, 374, 424
26, 86, 104, 137, 328, 347, 470
192, 198, 280, 331, 446, 455, 456, 487
51, 72, 119, 147, 168, 272, 289, 416, 490
83, 166, 183, 205, 221, 229, 238, 241, 326, 331
39, 62, 67, 339, 353, 378, 473
28, 185, 229, 303, 420, 434
49, 52, 168, 248, 293, 316, 344, 481, 493
12, 14, 17, 96, 106, 148, 209, 266, 318, 425, 495, 497
36, 43, 81, 150, 169, 217, 259, 291, 346, 359, 484
14, 21, 29, 87, 147, 159, 160, 192, 267, 347, 360, 418, 446, 492
28, 109, 213, 298, 375, 378, 380, 431
36, 107, 300, 364, 372, 399
28, 52, 61, 117, 154, 306, 339, 344, 412, 442, 497
69, 222, 233, 324, 335, 359, 402, 410
26, 63, 160, 194, 274, 277, 324, 416, 469
26, 44, 142, 246, 259, 261, 266, 280, 495
35, 63, 110, 243, 432, 439
45, 68, 123, 152, 168, 209, 221, 222, 389, 404, 412, 416, 422, 423, 430, 483
43, 61, 274, 319
21, 60, 68, 86, 154, 162, 168, 266, 293, 403, 447
35, 76, 150, 238, 412
14, 55, 71, 147, 221, 238, 277, 289, 395, 409
5, 80, 142, 150, 222, 340, 402
84, 124, 154, 191, 192, 238, 272, 335, 375, 462
35, 36, 62, 101, 446
9, 146, 170, 281, 444
97, 147, 292, 399, 432, 445, 490
43, 69, 78, 144, 249, 280, 297, 311, 353, 431, 459, 480
10, 21, 172, 222, 233, 247, 274, 293, 300, 325, 368, 404, 464
61, 146, 203, 300, 306, 400, 416, 449
40, 198, 259
90, 144, 145, 241, 277, 281, 424, 439, 471, 490
221, 246, 307, 387, 440
101, 144, 160, 172, 221, 289, 331
5, 93, 221, 372
3, 137, 157, 222, 364, 477, 487
36, 139, 142, 167, 290, 307, 377
12, 35, 108, 176, 217, 219, 293, 316, 360, 364, 399, 405, 420, 446, 492, 497
39, 72, 154, 170, 209, 316, 399, 412, 439
5, 222, 247, 293, 313, 412, 423, 439
17, 89, 107, 109, 293, 319, 412, 430
172, 205, 277, 281, 462
32, 36, 168, 231, 318, 338, 421, 446
230, 238, 467
4, 59, 67, 133, 222, 360, 371, 375
53, 63, 142, 188, 231, 248, 359, 429
192, 311, 398, 431, 464
39, 360, 395, 455, 472
100, 300, 409
33, 81, 140, 145, 176, 231, 360, 368, 400, 439, 474
101, 144, 172, 221, 289, 331
14, 115, 127, 163, 432, 444
29, 63, 71, 91, 108, 123, 190, 310, 325, 444, 456
81, 85, 182, 329, 377, 403, 426, 481
28, 80, 191, 300, 412, 424, 432, 443
144, 300, 397, 410, 417, 422, 439
39, 78, 378, 473
40, 85, 117, 127
3, 41, 101, 137, 290, 323, 353, 372, 409, 416, 425
8, 116, 222, 247, 372, 425
8, 118, 193, 221, 232, 298, 300, 400
8, 38, 125, 144, 152, 311, 321, 329, 360, 389, 416, 442
11, 63, 74, 121, 326, 348, 490
63, 139, 281, 335, 456, 486, 490
81, 87, 128, 281, 416, 445
11, 24, 47, 314, 319, 324, 330, 357, 436, 438, 444
17, 38, 170, 209, 259, 280
117, 330, 353, 397, 404
86, 214, 472
52, 109, 175, 190, 247, 446, 453, 471, 480
36, 55, 61, 69, 78, 86, 104, 210, 328, 368, 388, 402, 412, 455
8, 17, 44, 62, 299, 339, 374, 492
24, 118, 169, 215, 246, 377, 404, 487
13, 76, 145, 160, 170, 242, 360, 399, 402, 405, 416, 470
38, 39, 45, 86, 132, 205, 212, 234, 289, 360, 380, 453, 483
3, 160, 206, 234, 323, 366, 368, 395, 442
33, 34, 142, 263, 416
59, 93, 111, 192, 248, 496
8, 38, 117, 146, 150, 231, 248, 299, 490
69, 73, 107, 221, 247, 274, 325, 427, 472
103, 119, 123, 155, 192, 221, 324, 464, 497
5, 10, 11, 63, 69, 207, 227, 300, 403, 412, 471, 477, 486
127, 142, 170, 274, 293, 339, 403, 446
374, 403
14, 33, 63, 108, 348, 400, 416
60, 69, 152, 322, 399, 437, 444
0, 28, 68, 93, 123, 137, 170, 221, 233, 321, 336, 359, 366, 377, 437, 495
127, 195, 227, 289, 333, 350, 374, 410
3, 14, 21, 140, 150, 246, 374, 395, 426
11, 116, 127, 209, 259
9, 11, 31, 53, 69, 112, 145, 318, 336, 414, 432, 444
83, 132, 147, 187, 221, 277, 299, 400, 416
38, 171, 172, 247, 294, 314, 418
43, 52, 183, 188
43, 335, 376, 431, 480
81, 138, 154, 214, 240, 247, 293, 325, 429
31, 38, 43, 68, 86, 132, 146, 410, 444
85, 124, 205, 222, 243, 246, 293, 371
19, 205, 221, 242, 247, 348, 395, 404
127, 168, 176, 182, 204, 324, 346, 387, 420, 467
63, 154, 259, 395
66, 171, 222, 331, 336, 360, 424, 493
4, 51, 61, 73, 83, 89, 318, 325, 358, 412
11, 69, 221, 354, 368, 416, 431, 437, 480
8, 9, 40, 106, 127, 163, 189, 247, 306, 319, 379, 443
63, 179, 219, 274, 325, 395
49, 192, 316, 444
197, 203, 220, 231, 360, 387, 395, 399, 444, 484
29, 142, 185, 312, 318, 336, 442
42, 192, 374, 382, 410, 494
36, 93, 247, 289, 290, 418, 428, 437
89, 100, 237, 248, 377, 444
36, 209, 339, 425, 471
178, 223, 353, 359, 371, 418
121, 124, 202, 214, 247, 336, 399, 456, 465, 494
29, 63, 171, 197, 329, 332, 420, 451, 472
85, 216, 379, 403, 439, 465, 471
28, 71, 387, 442
36, 70, 100, 135, 209, 281, 289, 404, 414, 439, 464, 471
8, 193, 221, 232, 298, 300, 400
34, 112, 277, 350, 446, 491
61, 69, 123, 163, 260, 277, 423, 471, 488
12, 168, 241, 480
19, 81, 116, 144, 155, 169, 189, 319, 433, 490
38, 63, 67, 87, 133, 150, 211, 397, 416, 455, 492
40, 69, 205, 306, 402, 456
71, 100, 214, 371, 418, 442, 484
35, 38, 83, 90, 247, 306, 416
43, 68, 216, 471
8, 43, 101, 176, 351
103, 143, 147, 204, 280
23, 51, 119, 446
103, 119, 123, 155, 192, 221, 464, 497
36, 70, 100, 101, 123, 135, 204, 281, 357, 387, 401, 494
9, 39, 180, 283, 293, 337, 418, 442, 444, 448, 497
5, 62, 69, 74, 89, 229, 453
62, 410, 478
48, 73, 132, 140, 168, 197, 222, 289, 306, 324, 352, 409
17, 97, 155, 344, 374, 414, 484
17, 193, 347
9, 54, 234, 255, 387, 400
113, 127, 137, 319, 360
28, 112, 198, 214, 295, 326, 392, 417
119, 132, 212, 309, 359, 405, 490
160, 360, 416
29, 127, 261, 269, 347, 377, 414, 447, 459
132, 153, 330, 377, 432
17, 60, 95, 247, 294, 456
13, 124, 138, 154, 259, 400, 409, 444, 460, 478, 491
18, 29, 80, 137, 147, 149, 200, 495
23, 176, 185, 221, 290
18, 55, 148, 190, 218, 242, 430
44, 120, 238, 319, 374, 395, 471
38, 46, 52, 94, 168, 186, 300, 346, 447, 456
87, 101, 135, 193, 319, 325, 331, 436, 462
14, 35, 83, 85, 104, 330, 412, 423, 446
43, 69, 118, 132, 401, 414, 422, 432, 471
142, 154, 248, 414
10, 76, 111, 135, 198, 267, 280, 335, 360
35, 69, 118, 186, 236
90, 109, 118, 148, 192, 432, 481
40, 127, 198, 259, 360, 368, 409
63, 319, 372, 395, 416
63, 92, 102, 148, 202, 273, 444, 480
6, 52, 63, 97, 127, 142, 168, 221, 222, 319
50, 159, 185, 217, 318, 371, 488, 490
95, 287, 339, 359, 442, 449, 472
209, 221, 229, 304, 414, 492
10, 11, 12, 142, 179, 207, 316, 368, 412, 442, 463, 477, 485, 486
157, 236, 240, 339, 422, 423, 469, 484, 487
36, 69, 142, 146, 219, 281
63, 106, 205, 283, 285, 321, 372, 388, 402, 405, 416
38, 85, 140, 192, 227, 240, 309, 359, 395, 456, 459, 486, 487
124, 135, 217, 412
33, 38, 74, 246, 288, 368, 371
150, 154, 223, 260, 277, 485
17, 38, 40, 42, 67, 112, 121, 420, 472
26, 166, 330
3, 23, 80, 87, 112, 127, 281, 311, 444
8, 57, 60, 100, 149, 216, 274, 282, 289, 328, 371, 405, 406, 409, 493, 496
26, 67, 147, 247, 371, 432, 471
29, 63, 154, 209, 278, 423, 481
21, 72, 83, 121, 124, 168, 201, 204, 374, 410, 480
86, 132, 145, 322, 329, 403, 432, 486
5, 81, 191, 353
96, 319, 387, 404, 420
4, 63, 87, 119, 155, 174, 178, 204, 248, 293, 356, 409, 419, 440, 470, 471
11, 63, 74, 121, 176, 214, 319, 326, 348, 353, 357, 436, 442, 444, 485, 490
53, 422, 463
33, 209, 233, 246, 289, 412, 416
23, 104, 231, 234, 353
27, 30, 143, 222, 459, 477
29, 139, 150, 173, 209, 424, 442
35, 86, 209, 213, 246, 248, 421
33, 43, 89, 107, 108, 169, 280, 344, 374, 490
63, 106, 125, 336, 368, 404, 417
51, 87, 160, 190, 234, 248, 289, 359, 419, 493
39, 78, 378, 473
7, 14, 52, 127, 163, 192, 197, 300, 326, 377, 421
94, 209, 217, 248
116, 191, 353, 486
48, 121, 145, 167, 214, 368
61, 81, 83, 89, 150, 240, 377, 443
36, 38, 72, 155, 157, 192, 221, 300, 402, 444, 457, 471, 481
47, 72, 100, 155, 325, 353
9, 36, 48, 51, 138, 147, 212, 238, 277, 400, 442, 492
74, 297, 322, 338, 495
17, 36, 103, 123, 125, 126, 150, 313, 414
43, 110, 147, 155, 179, 229, 248, 291, 437, 490
25, 36, 127, 213, 234, 303, 338, 402, 405, 431, 490
132, 184, 190, 192, 298, 327, 414, 447, 465
3, 69, 259, 265, 289, 291
135, 294
73, 97, 186, 281, 311, 330, 410, 493
14, 38, 73, 107, 258, 281, 360, 374, 383
8, 38, 86, 111, 159, 163, 192, 209, 387
38, 43, 52, 123, 127, 222, 293, 325, 402
60, 67, 125, 147, 233, 303, 416, 429, 432, 446, 471, 490
21, 46, 51, 85, 103, 148, 259, 319, 322, 359, 385, 391, 456
36, 59, 387
132, 191, 285, 334, 335, 442, 492
70, 72, 274, 281
86, 132, 138, 166, 374, 444, 493
62, 101, 154, 181, 198, 283, 339, 385, 437, 477
6, 38, 100, 106, 108, 124, 170, 171, 210, 213, 257, 319, 363, 374, 405, 488
49, 62, 93, 293, 329, 367, 437, 440, 480
189, 190, 210, 233, 344, 471, 490
33, 47, 81, 127, 212, 248, 281, 402, 415, 419, 432
85, 132, 137, 204, 281, 289, 299, 309, 337, 432
40, 52, 69, 123, 127, 159, 213, 360, 404, 483
147, 222, 403, 481
78, 86, 93, 95, 169, 185, 188, 203, 213, 326, 335, 353, 374, 378, 485
40, 63, 80, 107, 146, 148, 222, 240
3, 5, 86, 111, 199, 247, 265, 382, 388
108, 180, 227, 277, 293, 432, 443
25, 38, 63, 101, 129, 206, 234, 241, 281, 293, 405, 431
39, 66, 146, 281, 368, 437, 447, 481
28, 63, 233, 277, 447, 455, 480
17, 35, 93, 217, 347, 444, 488
8, 48, 101, 106, 209, 242, 259, 457, 490, 493
48, 238, 284, 368, 445, 474, 497
4, 10, 191, 216, 219, 444, 456
3, 236, 255, 318, 326
38, 100, 135, 139, 160, 220, 221, 269, 294, 360, 451, 495
31, 41, 173, 188, 217, 238, 277, 375, 471, 477
36, 97, 125, 229, 235, 237, 356, 371, 437
274, 403, 405, 456
14, 27, 212, 259, 319, 336, 374, 391
55, 63, 172, 219, 222, 316, 326, 368, 432, 436
67, 70, 100, 116, 163, 169, 234, 272, 400, 493
219, 289, 486, 493
147, 402
7, 69, 87, 142, 331, 348, 479
31, 42, 68, 72, 132, 321, 471
68, 116, 221, 402, 420, 446, 486
74, 192, 213, 259, 402, 471, 495
28, 29, 78, 166, 182, 209, 266, 278, 368, 451, 488
9, 29, 70, 90, 163, 192, 214, 298, 318, 432
71, 102, 118, 147, 234, 242, 283, 300, 333, 350, 354, 371, 372, 385, 412, 432, 439, 472
85, 116, 140, 231, 255, 325
3, 23, 35, 85, 353, 371, 400, 447, 471, 490
116, 246, 389, 462, 480
40, 45, 73, 119, 121, 289, 395, 402, 425, 442
39, 70, 156, 221, 246, 369, 399, 416, 418, 420, 445, 490
95, 109, 143, 319, 354
38, 93, 140, 342, 374
169, 187, 347, 412, 459
33, 195, 216, 409, 493
38, 72, 100, 101, 106, 125, 246, 248, 385, 442, 471
61, 136, 217, 246, 371, 420
29, 67, 91, 216, 222, 252, 258, 328, 335, 368, 405, 412, 425, 432, 463, 492, 493
19, 81, 238, 283, 322, 486
106, 139, 150, 154, 279, 295, 395, 402, 451
8, 43, 297, 375, 415
39, 154, 360, 362, 376, 395, 425, 455, 456, 472, 488
6, 38, 108, 210, 213, 257, 363, 488
14, 55, 71, 168, 221, 238, 385, 460
0, 7, 43, 109, 187, 219, 247, 252, 297, 303, 344, 370, 381, 428, 463, 488
112, 117, 142, 178, 339, 472
268, 324, 337, 423
10, 63, 106, 208, 247, 353
72, 112, 372, 374, 432, 456, 491
35, 287, 324, 442
101, 185, 403, 463
35, 112, 147, 157, 202, 274, 353, 374, 390, 432, 456
38, 42, 62, 80, 114, 133, 226, 293, 306, 436
209, 325, 335, 416
14, 127, 132, 210, 248, 340
21, 87, 159, 192, 325, 335, 486
40, 63, 80, 107, 146, 222, 240
127, 212, 238, 484
61, 136, 217, 246, 371, 420
55, 80, 97, 147, 190, 219, 221, 238, 337, 423, 425, 448
27, 72, 127, 135, 272, 357, 423, 446, 471, 485
55, 97, 147, 190, 219, 221, 238, 337, 423, 448
47, 67, 124, 191, 221, 259, 380, 389, 472, 486
28, 69, 119, 173, 404, 414, 453
10, 67, 81, 87, 209, 377, 463
70, 124, 283, 323, 328, 411, 415, 456
103, 117, 155, 233, 281, 422, 447
3, 14, 61, 66, 108, 117, 157, 247, 259, 356, 410, 421, 455, 480
86, 127, 146, 238, 247, 338, 404, 437
3, 49, 87, 123, 169, 221, 222, 255, 486
171, 210, 228, 238, 387, 459
80, 81, 119, 277, 293, 310, 347, 424, 487
63, 69, 90, 124, 166, 289, 319
108, 120, 259, 319, 335, 405, 444
118, 215, 219, 242, 259, 401, 418, 462
29, 99, 114, 118, 127, 271, 278, 289, 292, 371, 387, 405, 414, 416, 492
11, 159, 291, 298
137, 320, 322, 330
48, 67, 169, 405, 414
47, 66, 131, 146, 364, 402
8, 11, 43, 132, 138, 242, 442, 443
6, 246, 281, 331, 403, 492, 493
21, 124, 128, 169, 173, 186, 266, 347, 379
21, 35, 48, 187, 248, 274, 306, 326, 327, 330
87, 124, 139, 338
82, 124, 348, 409, 444, 461
147, 186, 274, 280, 318, 360, 456
104, 204, 247, 252, 280, 306, 351, 405, 415, 423, 444, 455, 472
38, 50, 111, 142, 146, 169, 207, 248, 359, 404, 418, 425, 435, 456
51, 71, 108, 123, 138, 161, 242, 310, 337, 346, 404, 439, 446
9, 14, 33, 55, 101, 119, 127, 259, 281, 354, 395, 441
36, 107, 300, 364, 372, 399
20, 198, 227, 238, 303, 440
11, 17, 122, 123, 133, 272
26, 46, 71, 304, 318, 368, 371, 374
71, 217, 219, 316, 347, 364, 418, 457, 467, 493
11, 36, 146, 364, 388, 472
18, 67, 192, 326, 444, 446
112, 190, 416, 418
119, 132, 248, 348, 424, 484, 490
100, 214, 274, 283, 403
191, 261, 401, 403, 432, 444, 471, 493
35, 83, 143, 201, 311, 325, 365, 456, 490
11, 319, 353, 357, 436, 442, 444, 485
0, 76, 91, 147, 148, 227
9, 154, 247, 404, 486
377, 404
91, 148, 222, 389
11, 32, 36, 168, 318, 338, 421, 446
14, 17, 147, 174, 214, 418
130, 335, 360
68, 87, 95, 127, 159, 193, 263, 284, 318, 360, 395
127, 142, 170, 274, 293, 339, 403, 446
38, 48, 192, 259, 285, 431
29, 124, 147, 172, 191, 243, 247, 267, 319, 330, 331, 405, 495
193, 231, 280, 307, 351, 420
170, 217, 232, 294, 423, 473
59, 83, 86, 242, 377, 402, 449
217, 238, 286, 291, 292, 339, 424, 425, 442, 487
38, 125, 259, 293, 339, 359, 385, 402, 471
90, 118, 125, 220, 426, 436
14, 61, 231, 246, 316, 368, 395, 459
8, 18, 81, 281, 282, 298, 412, 484
36, 48, 174, 186, 192, 221, 412, 442, 470, 487
23, 38, 80, 273, 274, 320, 399, 405, 420, 497
209, 277, 338, 459, 472
14, 38, 51, 87, 97, 132, 179, 221, 236, 420
119, 127, 154, 246, 335
36, 137, 181, 233, 369
48, 50, 73, 204, 246, 296, 319, 371
35, 61, 189, 247, 364, 423, 472, 482
97, 171, 227, 261, 283, 329, 351, 400, 414, 421, 442, 484, 492
18, 27, 88, 238, 392, 423, 435, 456
51, 113, 248, 259, 261, 278, 416, 420
89, 163, 326, 437, 443, 480
11, 17, 38, 85, 135, 246, 247, 352, 444, 454
33, 81, 155, 207, 209, 248, 268, 316, 364, 412, 442
29, 112, 123, 135
36, 63, 139, 160, 203, 207, 283, 290, 318, 377, 425
36, 72, 274, 372, 432, 446, 471, 473, 487
102, 103, 318, 374
49, 63, 90, 139, 170, 439
25, 67, 107, 116, 135, 147, 188, 193, 485
23, 176, 185, 221, 290
20, 117, 188, 192, 283, 327, 351, 383, 429
15, 112, 140, 167, 263, 378, 432, 471
40, 85, 87, 117, 127, 130, 221, 350, 418, 432, 440, 444, 481
8, 147, 155, 171, 232, 283, 329, 372, 400, 412, 414, 421, 442
8, 248, 318, 439, 460
9, 300, 326, 371, 404, 405, 436
79, 359, 455, 464
318, 403, 414
36, 107, 147, 179, 198, 259, 321, 360, 371, 374, 404
42, 80, 107, 179, 221, 304, 333, 371, 463
21, 83, 129, 219, 387, 391, 418, 433, 477, 481, 486
8, 47, 119, 132, 150, 154, 168, 209, 227, 353, 471
31, 39, 63, 100, 124, 125, 219, 310, 337, 364, 456
39, 76, 214, 221, 252, 281, 443, 484
205, 277
51, 71, 132, 138, 203, 495
8, 63, 106, 125, 221, 261, 336, 368, 404, 417
67, 106, 150, 187, 272, 318, 490
38, 217, 259, 292, 293, 334, 399, 405, 415, 471
9, 57, 59, 69
40, 48, 69, 85, 127, 201, 204, 340, 385, 415, 448
11, 14, 34, 43, 87, 173, 217, 416, 418, 471, 484
11, 201, 363, 371, 395, 404
139, 146, 274, 412, 445, 480
55, 186, 259, 332, 443, 484
29, 63, 69, 132, 163, 209, 281, 395, 423, 442, 456
6, 8, 38, 125, 144, 152, 170, 311, 321, 346, 416, 442
73, 95, 188, 189, 191, 286, 331, 334
117, 173, 263, 281, 306, 325, 339, 404, 409
3, 11, 222, 281, 330, 409, 441
124, 145, 281, 495
22, 28, 95, 100, 109
36, 139, 142, 167, 290, 307, 377
237, 299, 403, 497
40, 185, 192, 261, 395, 405
17, 35, 222
61, 81, 103, 106, 116, 146, 272, 281, 420, 459, 483, 495, 499
36, 60, 166, 171, 377, 420, 464
85, 87, 178, 263, 338, 340
63, 69, 306, 377, 416
23, 63, 71, 178, 295, 378
43, 69, 103, 124, 238, 432, 442, 488
36, 40, 48, 127, 139, 188, 306, 366, 374, 416, 425, 481
100, 137, 209, 274, 388, 471
4, 39, 66, 89, 124, 126, 219, 259, 336, 366, 480
8, 28, 101, 108, 166, 289, 293, 325, 487, 491, 495
36, 80, 123, 191, 293, 352, 431
38, 51, 97, 234, 360, 380
43, 57, 63, 259, 395
5, 63, 119, 150, 248, 318, 348, 382, 400, 438, 472, 481, 497
39, 186, 360
69, 78, 86, 104, 210, 402, 455
17, 61, 63, 87, 123, 222, 289, 344
40, 43, 48, 69, 85, 201, 340, 385, 412, 415, 448
38, 144, 221, 226, 255, 293, 375, 402
71, 78, 124, 174, 224, 404, 437
69, 94, 127, 412, 436, 440
168, 274, 306, 368
36, 55, 61, 221, 328, 368, 388, 412
17, 125, 132, 250, 347, 439, 488, 490
95, 117, 224, 300
45, 125, 160, 283, 284, 395
79, 147, 182, 229, 395, 402, 420, 456
118, 192, 247, 471
40, 51, 80, 112, 234, 246, 274, 497
124, 182, 281, 286, 291, 444, 480
8, 63, 198, 213, 335, 360, 480
8, 27, 92, 148, 171, 191, 280, 318, 404, 439, 463
19, 63, 147, 247, 374, 397, 399, 400, 405, 437
21, 87, 159, 192, 325, 335, 486
28, 120, 170, 248, 289, 450
4, 85, 416, 430
42, 284, 311, 385, 397
49, 55, 104, 187, 243, 436
265, 270, 274, 362, 402, 437, 453
17, 167, 237, 293, 344, 444, 488
48, 191, 204, 324, 333, 483
14, 124, 152, 215, 281, 320, 414, 439
35, 226, 277, 319, 339, 397, 405, 425, 439, 486
207, 437
26, 71, 304, 368, 374
34, 139, 147, 167, 183, 207, 238, 293, 335, 413
48, 73, 184, 398, 402, 444
39, 66, 107, 154, 179, 259, 392, 404, 463, 491
21, 28, 136, 145, 224, 360, 443, 446
3, 28, 77, 281, 335, 377, 453
42, 92, 109, 291, 360, 404, 412, 480
4, 39, 89, 259
273, 282, 360, 444, 447, 482
4, 10, 119, 191, 216, 219, 229, 444, 456
11, 63, 147, 222, 230, 353, 360, 414, 443, 480
23, 63, 71, 178, 295, 378
8, 10, 21, 29, 38, 123, 274
68, 87, 95, 127, 263
5, 22, 137, 144, 167, 221, 236, 266, 283, 350, 463, 477, 480
28, 189, 318
188, 312, 371, 387, 395
104, 121, 229, 270, 362, 437, 453
21, 48, 110, 242, 330, 350
5, 81, 238, 260, 273, 437
38, 227, 402, 487, 492
397
36, 133, 221, 237, 300, 372, 403, 416, 439, 444
45, 49, 74, 150, 278, 319, 330, 350, 354, 397, 430, 437, 471
87, 167, 314, 456
69, 80, 210, 221, 397, 465
71, 108, 133, 144, 172, 217, 221, 259, 359, 457
3, 170, 233, 260, 437
80, 83, 87, 138, 294, 353, 437, 438
81, 116, 191, 227, 343, 353, 486
26, 71, 304, 368, 374
36, 203, 387, 402, 405
188, 243, 384, 388, 409, 442
179, 234, 285
53, 63, 142, 188, 231, 248, 359, 429
51, 69, 117, 252, 281, 340, 414, 490, 497
55, 68, 118, 127, 163, 266, 459
60, 124, 132, 221, 233, 397, 439, 442, 480
18, 135, 149, 193, 234, 403, 456
31, 38, 72, 116, 130, 169, 359, 443
14, 57, 123, 169, 221, 293, 295, 416, 418, 459, 472, 480
72, 139, 276, 325, 385
141, 224, 277, 374, 412
0, 136, 152, 154, 227, 234, 336, 353, 493
106, 242, 423, 444, 483
63, 318, 430, 471
11, 38, 85, 246, 259, 444, 454
21, 169, 173, 186, 266, 347, 379
140, 182, 271, 320, 339, 371
69, 100, 123, 240, 243, 289, 354, 387, 399, 444, 461, 472, 486
10, 11, 207, 412, 477, 486
15, 69, 132, 261, 490
9, 49, 87, 93, 367, 405, 437, 440
238, 286, 291, 292, 339, 424, 425, 442, 487
71, 100, 154, 221, 318, 418, 444, 484, 494
36, 137, 144, 290, 377, 422, 437, 447, 472
73, 75, 85, 95, 139, 185, 193, 288, 289, 403, 437
51, 67, 325
6, 8, 38, 69, 238, 292, 300, 334, 354
132, 326, 381, 444
52, 100, 193, 238, 259, 432, 464
29, 112, 123, 135
99, 109, 192, 219, 274
22, 222, 277, 281, 330, 399, 442, 456
82, 104, 191, 238, 425, 430
14, 35, 40, 69, 90, 107, 322
166, 216, 250, 281, 303, 493
28, 73, 116, 169, 175, 215, 295, 451
3, 87, 203, 221, 325
59, 76, 93, 109, 210, 309, 353, 360, 410, 420, 437
51, 72, 116, 124, 182, 325, 397, 482
36, 148, 171, 191, 252, 259
72, 78, 118, 132, 285, 319, 340, 395, 416, 439, 444, 471, 480
109, 117, 170, 180, 226, 233, 339, 439
7, 43, 139, 178, 179, 204, 213, 267, 437, 482
20, 36, 87, 266, 325, 460, 470
47, 98, 240, 400, 424, 465
61, 208, 238, 306, 317
97, 190, 219, 337, 423, 448
209, 221, 229, 304, 414, 492
8, 104, 222, 371, 389, 402, 418, 442
29, 36, 93, 132, 192, 230, 391, 432, 442, 471
48, 238, 284, 368, 445, 474, 497
69, 182, 188, 227, 238, 248, 261, 395, 401, 462
93, 281, 316, 339, 348, 444, 484, 490
36, 47, 52, 85, 139, 150, 199, 230, 424, 442, 472
0, 136, 152, 154, 227, 234, 336, 353, 493
125, 156, 300, 437
28, 69, 119, 173, 318, 404, 414, 453
38, 73, 117, 246, 266, 267, 277
87, 173, 318, 339, 399, 412, 492
23, 62, 63, 71, 81, 142, 178, 241, 375, 378, 484
69, 112, 140, 238, 279, 293, 318, 322, 463
404, 439, 464, 493
11, 34, 38, 68, 274, 289, 293, 386, 432
8, 47, 119, 132, 150, 154, 168, 209, 227, 353, 471
8, 68, 91, 103, 215, 230, 333
11, 91, 117, 171, 220, 400, 432
38, 100, 123, 226, 233, 283, 498
52, 281, 300, 436
27, 73, 273, 286, 375, 403, 446
109, 118, 140, 179, 219, 405
31, 33, 39, 306, 352
67, 69, 74, 124, 142, 246, 260, 316
8, 123, 132, 140, 247, 281, 357
83, 198, 219, 259, 283, 401
28, 69, 116, 374, 412, 425
17, 93, 144, 300, 306, 359, 396, 456
83, 298, 329, 338, 371, 403
85, 206, 246, 432, 471, 472
248, 263, 420
154, 295, 322, 405
29, 87, 106, 127, 169, 284, 385, 402, 477, 480
12, 36, 137, 281, 335, 387, 480
71, 127, 129, 261, 331, 434, 471, 485
29, 63, 112, 154, 209, 243, 246, 278, 423, 481, 487
14, 17, 85, 87, 319, 326
47, 127, 130, 455
3, 42, 221, 284, 311, 385, 397
17, 48, 112, 132, 178, 192, 206, 257, 441, 444
3, 29, 41, 101, 221, 246, 353, 372
17, 144, 300, 306, 359, 396, 456
40, 69, 87, 166, 178, 191, 238, 295, 322, 353, 421, 443
11, 67, 69, 266, 337, 338, 412
3, 9, 73, 154, 179, 465
52, 106, 135, 221, 374, 409, 456
43, 63, 222, 240, 274, 478
21, 114, 192, 231, 281, 346, 444
13, 39, 286, 306, 325, 339, 359, 360, 371, 418
170, 217, 232, 294, 423, 473
25, 147, 179, 211, 272, 274, 289, 339, 395
17, 61, 71, 132, 204, 322, 325, 399, 414
178, 192, 339, 360, 444
63, 69, 76, 117, 176, 182, 217, 261, 360, 374, 414, 441, 472, 481, 490
11, 69, 166, 188, 222, 364, 395
11, 47, 69, 87, 132, 138, 221, 360, 416, 439, 453, 456
36, 118, 222, 300, 395
3, 28, 69, 77, 281, 335, 377, 453
8, 84, 106, 154, 221, 232, 247, 261, 328, 331, 353, 372, 445
66, 96, 97, 127, 132, 281, 346, 400
28, 85, 86, 289, 324, 432
87, 101, 163, 169, 181, 209, 322, 330, 416
5, 22, 137, 144, 236, 283, 350
11, 222, 259, 312, 342, 401
33, 107, 152, 248, 286, 353, 414, 442
123, 188, 325
77, 197, 302, 387, 397, 419
178, 185, 223, 281, 282, 344, 353, 354, 359, 371, 412, 418
3, 39, 43, 72, 127, 299, 371, 412, 442
169
3, 14, 21, 124, 140, 150, 246, 374, 395, 426
222, 248, 403, 422, 481
59, 63, 208, 219, 248, 375, 377, 402, 416, 493
100, 128, 147, 175, 188, 240, 471
53, 62, 147, 227, 246, 410
14, 60, 85, 97, 160, 238, 280, 342, 490
29, 73, 119, 240, 260, 280, 338, 360, 419
33, 76, 85, 306, 316, 325, 336, 412, 429
19, 127, 182, 192, 209, 360, 369, 463, 482
63, 108, 300, 472, 486
8, 95, 104, 135, 207, 302, 388, 400, 445
47, 147, 150, 188, 283, 360, 439, 456
9, 26, 33, 100, 140, 159, 209, 472
121, 221, 282, 299, 374, 446
9, 10, 63, 95, 127, 187, 214, 221, 222, 266, 364, 389, 427, 437
34, 48, 66, 125, 127, 139, 171, 323, 425
124, 142, 170, 246, 364, 493
67, 201, 246, 281, 405, 486, 488
8, 104, 222, 371, 389, 402, 418, 442
29, 69, 144, 155, 322, 372
42, 97, 112, 299, 310, 336, 459
63, 93, 193, 198, 246, 283, 288, 303, 337, 425, 444, 477
63, 169, 188, 209, 259, 335, 491
85, 178, 283, 300, 402, 403, 405, 416
48, 140, 209, 352, 472
1, 80, 86, 207, 209, 250, 289, 310, 354, 455
61, 192, 205, 289, 374, 412, 477
61, 123, 246, 482
11, 145, 147, 148, 217, 221, 238, 367, 472
59, 83, 86, 242, 377, 402, 449
3, 14, 21, 124, 140, 150, 246, 374, 395, 426
5, 154, 221, 375, 455
60, 69, 152, 322, 399, 444
9, 61, 75, 209, 210, 259, 412, 471, 485
101, 107, 274, 374, 463
21, 87, 159, 192, 325, 335, 405, 438, 486
47, 159, 247, 291, 329, 416, 477
62, 100, 160, 374, 398
24, 83, 99, 106, 153, 405, 418
51, 55, 132, 259, 360, 422, 455, 482, 492
11, 36, 43, 60, 81, 123, 131, 145, 182, 266
71, 117, 180, 402
61, 63, 90, 116, 203, 246, 314, 360, 387, 389, 462, 480
10, 89, 238, 306, 325, 399, 402, 412, 442
163, 402, 496
4, 39, 259, 336
23, 83, 171, 472
73, 103, 117, 139, 318, 374
18, 38, 40, 302, 306, 359, 371, 455
5, 69, 71, 209, 222, 234, 247, 281, 385, 402, 414, 436, 471
10, 96, 154, 155, 160, 173, 176, 328, 400, 402
19, 27, 105, 231, 283, 299, 348, 398
97, 118, 209, 273, 289, 400, 444
62, 306, 328, 441, 497
38, 48, 74, 78, 169, 227, 412, 450, 465
13, 21, 63, 72, 93, 102, 123, 135, 168, 252, 274, 321, 328, 395, 402, 490
107, 140, 148, 243, 266, 446
150, 154, 287, 289, 300, 437, 456
43, 47, 52, 100, 170, 183, 188, 217, 231, 240, 246, 328
109, 135, 152, 227
51, 69, 117, 252, 281, 340, 414, 490, 497
106, 138, 159, 405, 421
9, 142, 182, 294, 300, 326, 371, 404, 405, 436, 472
33, 51, 124, 146, 150, 195, 409
18, 28, 36, 69, 109, 155, 160, 207, 354, 402, 416, 437, 490
178, 179, 213, 267, 437, 490
16, 19, 21, 117, 123, 140, 318, 326, 328, 425, 455, 472
69, 221, 326
63, 67, 71, 221, 222, 289, 416, 432
121, 140, 204, 221, 247, 497
11, 47, 123, 124, 132, 148, 416
243, 260, 459, 495
76, 139, 159, 306, 487
68, 78, 155, 169, 227, 298, 300, 306, 312, 371, 402
8, 29, 57, 158, 209, 289, 325, 438
28, 51, 186, 238, 281, 290, 416, 418
11, 69, 90, 346, 392
326, 437, 480
36, 61, 117, 221, 238, 306, 311, 339, 344, 347, 377, 416, 444, 459
3, 5, 86, 111, 199, 247, 265, 382, 388
38, 51, 147, 238, 243, 263, 286, 359, 374, 416, 429
11, 29, 67, 203, 238, 298, 449, 466, 480, 481
6, 13, 89, 222, 333, 342, 377, 443, 472, 477
47, 67, 221, 247, 255, 353
159, 209, 215, 453
67, 81, 97, 160, 242, 259, 318, 404, 494, 495
125, 155, 170, 222, 272, 338, 412
9, 87, 217, 380, 442, 456
0, 8, 23, 119, 166, 294, 326, 330, 342, 397, 425, 480, 481, 495
66, 146, 198, 204, 307, 359, 416
219, 374, 432, 471, 483, 493
61, 155, 182, 266, 404, 449, 482
63, 285, 319, 360, 372, 395
100, 147, 188, 241, 283, 300
48, 51, 72, 155, 201, 221, 326, 339, 402, 423
12, 149, 283, 374, 416, 443
139, 238, 293
67, 132, 246, 414
160, 230, 289, 412, 416
38, 39, 100, 259, 289, 357, 403
29, 139, 150, 173, 209, 424, 442, 486
69, 330
68, 82, 123, 157, 217, 263, 293, 377
5, 36, 47, 48, 73, 89, 107, 269, 326, 337, 338, 483
188, 209, 259, 260, 281, 339, 463
63, 123, 127, 147, 215, 335, 419, 444, 494
265, 270, 274, 362, 402, 437, 453
36, 148, 191, 252, 319
106, 139, 150, 154, 259, 272, 278, 279, 295, 382, 395, 402, 451, 473
63, 94, 274, 319, 337, 420, 446, 464
29, 63, 310, 339, 377, 425, 443, 453, 455
221, 248, 263, 300, 420, 443, 491
21, 112, 119, 127, 145, 193, 260, 439, 472
36, 166, 281, 283, 364, 397
17, 35, 119, 132, 222, 293, 309, 359, 416
186, 495
11, 51, 116, 201, 236, 300, 375, 377, 398, 426
163, 243, 246, 261, 307, 353
11, 51, 63, 69, 146, 201, 298, 420, 439, 455
63, 86, 209, 222, 235, 238, 372, 389, 471
63, 123, 124, 129, 281, 368, 374, 400, 423, 462, 471
135, 297, 383, 387
69, 78, 95, 150, 234, 281, 432, 437, 455, 471, 477, 480
117, 142, 182, 281, 283, 294, 316, 348, 374, 472, 490
185, 201, 209, 335, 360, 402, 444
143, 238, 246, 287, 431, 456, 471
17, 131, 222, 281, 360, 390, 472
55, 252, 259, 293, 318, 402, 425
71, 127, 129, 154, 261, 331, 346, 434, 471, 485
33, 51, 146, 193, 195, 216, 234, 259, 300, 344, 409, 493
89, 148, 167, 209, 453
29, 63, 255, 307, 402, 477
38, 80, 89, 157, 159, 204, 238
10, 69, 70, 121, 300, 319, 374, 414, 471
69, 77, 100, 137, 272, 277, 405, 432
71, 100, 214, 371, 418, 442, 484
119, 123, 124, 171, 252, 259, 318, 344, 359, 420, 427, 485
15, 38, 384, 388, 422, 435
40, 67, 71, 124, 191, 221, 247, 259, 311, 380, 389, 398, 431, 464, 472, 486
72, 84, 87, 118, 128, 169, 173, 412, 484
38, 45, 97, 234, 360, 380, 453
19, 69, 129, 182, 203, 209, 220, 222, 328
11, 17, 63, 92, 124, 147, 160, 163, 172, 289, 375, 412
8, 28, 39, 40, 67, 335, 374, 442
107, 108, 112, 183, 233, 238
28, 69, 116, 374, 412, 425
17, 40, 51, 69, 219, 233, 238, 281, 374, 402, 405, 445, 456
236, 240, 252, 259, 281, 443, 484
3, 23, 40, 55, 93, 171, 179, 193, 210, 246, 247, 248, 319, 353, 454, 493, 495
69, 77, 93, 121, 123, 146, 209, 277, 366, 443
17, 38, 170, 209, 259, 280
36, 182, 299, 339, 471
61, 66, 126, 242, 281, 490
36, 221, 242, 360, 439, 448
14, 71, 217, 359, 360, 385, 405
69, 81, 85, 125, 222, 227, 231, 289, 330, 338, 439
181, 231, 259, 263, 300, 318, 460, 471
5, 166, 202, 218, 293, 319, 322, 437
261, 293, 451, 453
39, 98, 101, 144, 146, 293, 306, 350, 387, 471
99, 188, 212, 369, 395, 442, 478, 485, 490
69, 219, 221, 326, 397
48, 73, 132, 197, 222, 324, 409
10, 61, 248, 293, 423, 441
38, 67, 74, 295, 347, 402
14, 55, 71, 221, 238, 385
94, 209, 248
14, 152, 320, 439
111, 163, 222, 267, 490
87, 96, 246, 448
107, 172, 282, 346, 412, 416
83, 87, 152, 171, 192
33, 107, 188, 209, 233, 246, 274, 289, 412, 416, 463, 471, 486
11, 67, 102, 214, 259, 321, 446
63, 106, 125, 336, 368, 404, 417
5, 38, 81, 140, 170, 209, 221, 284, 372, 374, 418, 442
43, 66, 87, 105, 131, 292, 374, 389, 455
51, 61, 283, 300, 372
374
5, 36, 75, 103, 318, 324, 403, 411, 443, 474
10, 69, 70, 121, 300, 319, 374, 414, 471
14, 17, 146, 147, 174, 214, 418
10, 25, 119, 293, 444, 469
112, 274, 374, 432, 491
11, 62, 222, 312, 395
87, 132, 222, 238, 260, 284, 289, 441
0, 23, 119, 166, 397, 425, 495
68, 123, 152, 209, 221, 222, 412, 416, 483
261, 401, 403, 432, 444, 471
23, 83, 171, 472
6, 90, 258, 274, 344, 388, 459, 464, 474
21, 69, 361, 377, 439, 453
63, 69, 87, 101, 113, 261, 416
61, 71, 132, 204, 322, 325, 399, 414
101, 121, 123, 148, 420
67, 83, 204, 222, 233, 350, 367
74, 109, 238, 337, 344, 497
87, 170, 219, 360, 372, 375, 423, 444, 477
83, 87, 152, 171, 192
76, 139, 159, 306, 487
99, 118, 192, 247, 432, 471
75, 148, 152, 336, 429, 432, 451
33, 188, 209, 233, 246, 274, 289, 412, 416
50, 111, 142, 146, 169, 248, 359, 404, 425
247, 283, 423, 462
13, 124, 138, 154, 259, 409, 460, 478, 491
7, 127, 159, 163, 318, 402, 420
48, 89, 107, 160, 263, 424
47, 117, 136, 248, 372, 387, 419, 472
148, 248
43, 170, 330, 414, 420
48, 193, 293, 300, 319, 325, 410, 432, 471
17, 35, 222
8, 47, 66, 192, 205, 303, 318, 319, 471
41, 205, 221, 289, 444
63, 123, 137, 209, 285, 319, 372, 395, 416
11, 145, 147, 148, 217, 221, 238, 367, 472
245, 300, 471
29, 112, 125, 335, 402, 421
40, 85, 117, 127
7, 33, 67, 163, 289, 311, 402, 419
21, 36, 121, 148, 291, 310, 346, 359
21, 87, 159, 192, 325, 335, 486
72, 133, 321, 343, 471
11, 38, 116, 184, 221, 259, 318, 387, 424, 442, 481, 490
33, 36, 63, 108, 187, 193, 325, 378
15, 28, 69, 101, 137, 201, 261, 316, 448, 490
107, 120, 171, 219
14, 38, 47, 62, 117, 238, 280, 374, 387, 403, 409
8, 132, 150, 222, 246, 392, 442, 459
63, 89, 205, 231, 283, 285, 398, 402, 462
71, 127, 129, 154, 261, 331, 346, 434, 471, 485
66, 147, 346, 369, 443, 487
52, 57, 69, 148, 180, 303, 336, 360, 377
70, 136, 139, 190, 447, 490
107, 172, 282, 346, 412, 416
81, 138, 154, 214, 240, 247, 293, 325, 429
48, 91, 127, 150, 214, 300, 312, 374, 405, 459
127, 209, 273, 307, 439
80, 124, 183, 211, 490
78, 139, 222, 248, 281
11, 12, 213, 217, 289, 456, 477
9, 125, 189, 190, 210, 221, 233, 291, 344, 412, 415, 471, 490
8, 47, 119, 132, 150, 154, 168, 209, 227, 353, 471
81, 87, 281, 318, 400, 423, 432
42, 93, 117, 158, 197, 222, 231, 258, 338
39, 137, 188, 193, 201
27, 127, 135, 272, 357, 423, 446
29, 282, 289, 416, 439, 477
33, 43, 89, 107, 108, 169, 280, 344, 374, 490
0, 7, 32, 43, 71, 89, 109, 127, 299, 334, 368, 442
101, 159, 326, 340, 419
23, 61, 125, 150, 283, 299, 433
17, 97, 155, 169, 344, 374, 414, 484
95, 326, 405
19, 69, 71, 116, 117, 147, 170, 222, 274, 277, 409
55, 74, 106, 107, 495
5, 52, 67, 75, 103, 127, 226, 387, 420, 443, 474
221, 242, 247, 293, 404
140, 182, 306, 348, 414, 416, 456
12, 28, 135, 137, 146, 155, 259, 473, 487, 491
80, 293, 414, 431, 472
13, 39, 286, 306, 325, 339, 359, 360, 371, 418
132, 148, 156, 179, 185, 432
154, 176, 224, 281, 324, 395, 490
117, 120, 144, 219
123, 221, 245, 266, 325, 453
38, 53, 73, 116, 127, 144, 147, 203, 214, 281, 352, 412, 456
