63, 117, 412, 521, 722, 745, 851, 947, 970
221, 261, 553, 592, 669, 732, 994
106, 145, 167, 544, 578, 613, 631, 779, 894
159, 233, 472, 578, 800, 828, 876, 959
18, 501, 575, 682, 693, 707, 806, 925
67, 472, 536, 604, 610, 641, 994
38, 43, 55, 319, 472, 486, 592, 662, 678, 699
222, 306, 416, 447, 463, 667
230, 274, 294, 634, 715
124, 168, 281, 300, 412, 439, 657, 676, 748, 930, 994, 996
87, 247, 575, 773, 835, 904
104, 138, 360, 375, 377, 628, 773, 937
170, 338, 625, 837
38, 150, 252, 416, 510, 564, 759, 955
89, 103, 214, 302, 486, 543, 599, 612, 699, 790, 828, 891
55, 325, 336, 378, 409, 545, 647, 721, 740, 907, 959
140, 150, 170, 214, 441, 914
49, 238, 284, 459, 545, 751, 791, 852, 871, 877, 990
316, 480, 662, 700, 757, 912
71, 291, 321, 524, 561, 565, 571, 649, 656, 732, 737, 894
132, 231, 247, 459, 487, 656, 782, 870
241, 446, 612, 644, 709, 843, 901
63, 137, 169, 316, 414, 572, 668
300, 325, 403, 690, 864, 881
236, 248, 518, 613, 969
87, 103, 132, 314, 519, 669, 858, 863, 963
321, 684, 729, 756, 770, 816, 874, 877
106, 324, 424, 440, 583, 599, 670, 684, 711, 850, 863
90, 140, 289, 300, 721, 909, 915
15, 83, 182, 375, 404, 622, 941
246, 281, 344, 368, 446, 491, 521, 534, 571, 610, 669, 994
108, 222, 395, 414, 523, 904, 909, 946, 962
51, 87, 316, 472, 592, 628, 673
87, 154, 222, 259, 404, 452, 520, 558, 767, 811
11, 318, 405, 492
10, 61, 548, 570, 721
47, 191, 334, 387, 566, 806, 930
123, 543
147, 469, 649, 947
146, 198, 221, 293, 432, 509, 646, 696
33, 325, 484, 656, 775, 863
14, 50, 90, 127, 219, 533, 553, 692, 806, 860
109, 188, 221, 418, 565, 605, 607, 952, 994
81, 246, 335, 625, 629, 874
36, 283, 472, 570, 710, 774, 947
430, 709, 798, 901
371, 603, 871
565, 610, 667, 803, 875, 973
14, 127, 610, 632
5, 135, 150, 390, 553, 595, 738, 907
247, 358, 399, 472, 771
55, 152, 390, 500, 538, 544, 678, 973, 991
29, 80, 582, 613, 649, 682, 709, 715, 730, 832
416, 764, 994, 999
132, 155, 282, 350, 553, 631, 636, 647, 807, 867, 976, 992
80, 189, 326, 368, 374, 601, 683, 747, 803, 855
36, 192, 214, 444, 622, 676
316, 382, 416, 592, 681, 707, 803
304, 318, 360, 553, 753, 806, 993
49, 62, 490, 669, 831, 843, 870, 994
90, 127, 533, 547, 733
35, 456, 509, 527, 531, 558, 678, 868, 908, 939
25, 132, 213, 443, 541, 644, 903
61, 439
191, 215, 339, 357, 477, 595, 704, 855, 901, 960, 988
155, 286, 354, 359, 403, 432, 514, 874
33, 133, 436, 482, 520, 545, 549, 637
222, 444, 943
126, 139, 492, 613, 753, 829
69, 146, 237, 520, 547, 553, 559
8, 40, 300, 318, 495, 576, 699
72, 145, 359, 447, 546, 753, 904
127, 676, 690, 730, 806, 892, 930, 988
48, 107, 222, 440, 485, 495, 582, 707
118, 139, 366, 425, 486, 529, 545, 631, 785, 829, 988
90, 118, 169, 381, 412, 688, 717, 780, 908, 970
127, 147, 182, 442, 444, 518, 668, 682, 811, 839
385, 544, 645, 705
67, 96, 108, 174, 265, 282, 460, 531, 699, 738, 832, 867, 879, 901, 963
119, 134, 179, 281, 317, 478, 553, 603, 614, 707, 775, 988
12, 127, 423, 443, 669, 716, 806, 962
49, 222, 443, 488, 601, 747, 759, 764, 863
174, 218, 477, 497, 558, 584, 656, 908, 993
344, 397, 419, 455, 517, 552, 852
107, 371, 455, 571, 667, 732, 871, 874
145, 318, 371, 439, 509, 684, 771, 871, 938, 986, 994
140, 150, 436, 439, 527, 604, 648, 697, 722, 733, 813, 840, 903, 959
76, 89, 132, 318, 570, 822, 827, 913, 951, 988
247, 274, 293, 623, 744, 908, 959
148, 247, 447, 453, 709, 859
38, 106, 179, 192, 206, 283, 443, 527, 733, 777
23, 120, 306, 316, 377, 486, 521, 543, 722, 754, 994
36, 132, 280, 463, 592, 996
127, 372, 698
36, 188, 219, 222, 598, 639, 815, 863
76, 132, 219, 266, 368, 553, 669, 827, 907, 955
18, 198, 274, 289, 374, 403, 566, 682, 878
437, 463, 483, 612, 821, 993
216, 304, 336, 342, 562, 599, 778, 800, 909
80, 145, 340, 377, 437, 624, 789, 799, 817, 877
44, 73, 176, 192, 213, 281, 400, 418
69, 88, 374, 405, 607, 907, 917
61, 86, 185, 220, 221, 377, 565, 747
63, 95, 121, 167, 261, 371, 397, 472, 527, 631, 682, 826, 834, 993
19, 233, 326, 353, 416, 607, 743, 759, 769, 807
14, 127, 377, 610, 632
186, 290, 348, 420, 436, 469, 586, 625, 786, 915
18, 319, 442, 553, 566, 687
63, 88, 289, 335, 360, 382, 490, 493, 689, 789, 903
117, 132, 267, 326, 490, 610, 827, 860, 868, 903, 938, 988
99, 130, 339, 398, 402, 420, 473, 592, 604, 632, 863, 903, 946
74, 193, 322, 634, 684, 729
51, 76, 112, 383, 439, 518, 754, 875
18, 48, 137, 233, 428, 529, 747, 819, 858
11, 52, 171, 206, 283, 306, 374, 811
38, 69, 220, 319, 336, 385, 423, 511, 589, 628, 637, 729, 787, 815, 889
85, 209, 301, 342, 353, 446, 493, 592
216, 221, 231, 247, 261, 377, 387, 443, 487, 634, 809, 870
127, 342, 444, 529, 595, 907
112, 184, 193, 220, 486, 571, 904, 944
117, 146, 277, 391, 425, 446, 481, 559, 665, 964, 973
9, 12, 69, 137, 501, 592, 606, 668, 707
20, 36, 124, 138, 142, 247, 504, 530, 604, 631, 737, 738, 938, 955
289, 293, 325, 337, 571, 840, 891
539, 681, 909, 912
7, 48, 140, 150, 571, 669, 753, 909
41, 61, 436, 829, 946, 950
364, 422, 442, 607, 832, 981
198, 248, 318, 634, 729, 769, 806, 986
132, 350, 601, 604, 613, 621, 730, 800, 867
6, 155, 170, 570, 577, 622, 707, 794, 868, 907, 953, 959
14, 38, 39, 119, 371, 664, 778, 782, 903, 956
133, 139, 149, 192, 247, 252, 320, 437, 559, 723, 892
85, 200, 227, 385, 388, 439, 456, 542, 673
39, 100, 222, 514, 665, 699, 963
146, 521, 553, 647, 774, 827, 863, 913, 916, 970
47, 86, 222, 346, 455, 482, 553, 666, 782, 783
48, 116, 240, 444, 682, 855
36, 108, 150, 172, 176, 193, 266, 350, 421, 473, 524, 610, 809, 813, 828, 973
29, 261, 359, 485, 566, 595, 717, 947
40, 358, 405, 437, 560, 675, 676, 924, 947
61, 66, 124, 221, 405, 420, 652, 759
437, 647, 667, 699, 783, 973
132, 213, 410, 500, 782
106, 123, 126, 145, 167, 544, 578, 613, 631, 656, 779, 894
9, 40, 63, 172, 191, 217, 291, 447, 456, 553, 572, 575, 666, 829, 851, 917, 941
61, 306, 721, 729, 956
48, 137, 233, 747, 819, 858
43, 135, 136, 272, 400, 547, 555, 620, 874, 934, 964
63, 139, 266, 679, 879, 901, 904, 988
230, 497, 566, 667, 796, 901, 953, 994
12, 127, 265, 291, 523, 574, 592, 614, 753, 804, 851
148, 183, 402, 644
55, 203, 280, 553, 809, 826, 828
60, 404, 674, 876, 903, 973
137, 171, 293, 620, 868, 877, 961
123, 124, 291, 306, 344, 455, 491, 524, 734, 863, 938
11, 89, 188, 242, 266, 331, 456, 514, 764, 858, 871
171, 221, 238, 289, 303, 446, 722, 891, 912, 963
69, 214, 482, 633, 646, 720, 970
49, 103, 197, 222
10, 138, 259, 325, 601, 742
87, 185, 233, 336, 377, 412, 595, 838, 976
107, 155, 246, 353, 364, 402, 555, 558, 639
139, 160, 176, 273, 353, 520, 673, 723, 803, 808, 988
108, 281, 909, 961, 981
14, 445, 601, 607, 712, 764, 822, 871, 912
124, 420, 619, 820, 893
132, 350, 524
268, 545, 555, 558, 675, 871
85, 192, 238, 281, 360, 400, 933
322, 414, 432, 647, 667, 973
325, 446, 729, 813
132, 241, 350, 443, 524, 571, 722
80, 112, 259, 368, 423, 495, 902
63, 238, 527, 569, 577, 619, 623, 699, 740, 835, 894, 989
444, 521, 529, 547, 554, 656, 988
18, 538, 770, 791
93, 318, 389, 432, 472, 501, 553, 615, 667, 783
325, 656, 729, 737, 800
103, 234, 511, 631, 645, 808
76, 146, 205, 210, 219, 270, 519, 532, 766, 883, 941
6, 139, 247, 378, 420, 733, 874, 931
277, 487, 510, 656, 680, 694
61, 159, 306, 319, 395, 486, 721, 729, 790, 877, 956
234, 399, 439, 559, 909
123, 132, 170, 331, 382, 403, 482, 696
11, 266, 277, 347, 387, 682, 778, 879
174, 209, 293, 335, 420, 652, 871, 927
107, 371, 578, 585
69, 83, 95, 274, 303, 306, 409, 614, 722, 745, 827, 858, 964
220, 221, 465, 673, 800, 985
67, 227, 354, 404, 550, 607, 709, 874, 950
733, 767, 829, 993
189, 537, 686, 732, 924, 955
21, 38, 40, 486, 553, 808
89, 591, 753, 808, 925, 944
43, 299, 561, 858
68, 138, 543, 575, 699, 950
61, 117, 192, 246, 371, 377, 521, 594, 722, 729, 961
83, 209, 233, 486, 492, 908, 992
63, 69, 400, 405, 422, 530, 592, 611, 794, 812
127, 198, 199, 289, 566, 795, 878, 981
63, 81, 234, 493, 510, 707, 771, 832, 907
140, 172, 361, 400, 510, 549, 553, 592, 700, 724, 939, 959
377, 387, 838
205, 371, 400, 491, 709, 934
117, 119, 418, 815
55, 163, 543, 643
33, 112, 144, 326, 470, 497, 559, 585, 778, 812
154, 490, 692, 825, 892
33, 303, 721, 743, 871
378, 382, 527, 902, 973
84, 124, 154, 221, 274, 320, 331, 471, 510
23, 148, 160, 214, 238, 255, 442, 446, 592, 675, 744, 852, 871, 918
39, 387, 490, 558, 604, 649, 727
130, 157, 200, 360, 514, 541, 629, 994, 996
25, 66, 234, 274, 439, 540, 559, 781, 909, 931, 938
69, 71, 72, 159, 437, 578
3, 89, 150, 424, 656, 662, 807, 853
33, 112, 144, 470, 497, 765, 925
28, 147, 647, 753, 800, 925, 926
97, 193, 705, 709, 733, 889
293, 322, 480, 874, 961
48, 136, 274, 603, 613, 657, 797, 881, 999
0, 137, 258, 318, 521, 553, 578, 586, 601, 737, 813, 835, 838, 840, 883
160, 203, 261, 357, 445, 533, 707, 709, 764, 766, 884
223, 464, 571, 625, 744, 813, 860
209, 318, 360, 387, 464, 666
23, 101, 344, 412, 472, 527, 844, 902
221, 388, 690, 815, 827
72, 277, 282, 422, 706, 855, 936
279, 371, 395, 403, 432, 647, 767, 837, 934
139, 283, 293, 300, 521, 950, 966
133, 222, 444, 663, 685, 707, 760, 943
108, 222, 395, 414, 523, 904, 909, 946, 962
214, 300, 427, 428, 628, 684, 905
87, 98, 205, 275, 439
20, 241, 360, 540, 607, 634, 778, 974
8, 139, 337, 627, 679, 879, 988
233, 283, 543, 647, 715
168, 357, 507, 555, 670, 673, 843, 858
127, 136, 374, 400, 555, 620, 686, 964, 992, 994
127, 215, 344, 538, 616, 790, 830, 912
25, 67, 132, 195, 273, 539, 578, 693, 737, 820, 881, 945
119, 360, 738, 782
11, 231, 477, 533, 808, 925
15, 83, 182, 339, 375, 378, 404, 622
83, 374, 404, 405, 416, 545, 694, 780, 809, 820, 925
248, 319, 627, 642, 732
34, 61, 333, 353, 460, 483, 858
185, 509, 574, 631, 871, 881
21, 85, 86, 326, 354, 403, 444, 484, 629, 721
139, 193, 481, 675, 709, 716, 756, 808, 820, 827, 879, 889, 931, 988
66, 146, 150, 489
63, 168, 310, 400, 416, 425, 492, 592
29, 106, 127, 328, 442, 474, 511, 559, 795, 798, 871
63, 235, 300, 595, 744, 761, 931
38, 119, 205, 217, 274, 307, 511, 561, 870, 962, 972
155, 402, 405, 662, 668
36, 221, 333, 388, 690, 706, 740, 815
274, 319, 555, 660, 929
145, 247, 471, 899, 909, 938, 981
62, 283, 855, 970
418, 501, 553, 927
146, 193, 419, 546, 567, 737, 803, 874
72, 337, 416, 443, 683, 743, 780, 782
17, 490, 735, 782, 834, 873, 947
55, 123, 374, 402, 472, 876
38, 266, 281, 509, 601, 651, 886, 901, 963
9, 25, 127, 139, 480, 606, 803, 941
306, 432, 647, 722, 806, 827, 991, 994
36, 48, 143, 222, 274, 360, 421, 436, 463, 482, 538, 590, 772, 925
159, 182, 261, 698, 811, 894, 925
488, 832, 855, 925, 973, 991
105, 107, 145, 192, 246, 327, 371, 395, 420, 553, 589, 630, 827, 992
314, 335, 545, 622, 803, 812, 870
17, 126, 221, 222, 242, 732, 874, 885
74, 263, 541, 592, 679, 709, 764, 798, 941
80, 95, 238, 304, 652, 766, 994
78, 143, 148, 238, 453, 487, 510, 517, 599, 707
204, 440, 595, 903, 948, 991, 994
7, 219, 221, 402, 829, 881, 907, 996
36, 72, 83, 85, 132, 229, 247, 837, 954
219, 416, 722, 785, 835, 910, 992
155, 444, 709, 794, 855
116, 150, 281, 575, 863, 874
127, 265, 523, 554, 753, 764, 851
3, 34, 35, 328, 359, 368, 439, 487, 564, 577, 671, 705, 740, 822, 830, 874, 989
62, 93, 94, 325, 336, 748, 902
36, 277, 316, 338, 412, 585, 703
63, 603, 800, 901, 946
11, 137, 316, 418, 436, 524, 891
11, 28, 85, 246, 378, 387, 464, 553, 668, 724, 895, 960
107, 700, 729, 780, 813, 903, 912
23, 112, 119, 344, 412, 472, 580, 790, 808, 844, 902
36, 200, 351, 375, 688, 742, 821, 974
208, 300, 662, 873
63, 67, 316, 404, 471, 495, 738, 803, 876, 913
220, 326, 399, 806
395, 550, 628, 729, 807, 852
35, 592, 647, 716, 821, 828
11, 87, 283, 291, 306, 558, 628, 688, 767, 803, 811
62, 148, 188, 212, 230, 252, 259, 278, 318, 374, 502, 656, 737, 747, 827, 838
138, 324, 359, 414, 432, 439, 469, 490, 685, 687, 908, 938, 991
69, 146, 442, 690, 941, 963
123, 432, 492, 541, 553, 808, 883, 925, 990
191, 222, 317, 713, 778, 806, 813
171, 288, 441, 689, 832
130, 138, 214, 546, 721, 739
52, 132, 241, 350, 443, 524, 571, 722
61, 147, 154, 405, 443, 561, 729, 939
146, 192, 309, 388, 859, 894, 938, 990
25, 674, 830, 973
132, 133, 436, 520, 549, 637, 790, 800, 828, 973
55, 142, 147, 444, 446, 584, 647, 859, 879
87, 123, 344, 543, 778
78, 201, 210, 318, 324, 613, 699, 767, 944
25, 26, 48, 216, 219, 570, 941
416, 430, 446, 776, 782, 783, 803, 859
97, 364, 507, 578, 729, 903, 955, 998
28, 69, 127, 189, 606, 668, 963
71, 155, 238, 328, 400, 439, 527, 902, 949
289, 357, 433, 509, 571, 595, 776, 924, 958, 988
124, 229, 420, 444, 619, 748, 820, 893, 973, 988
138, 403, 684, 877
5, 39, 132, 224, 319, 490, 531, 557, 570, 891, 901, 976
299, 359, 374, 649, 874, 910, 961
47, 553, 563, 732, 990
71, 123, 132, 169, 456, 511, 595, 705
12, 74, 284, 371, 917
21, 22, 436, 815, 958, 981
4, 40, 169, 240, 292, 364, 471, 540, 740, 863
123, 146, 147, 287, 306, 697, 800, 825, 926, 994
34, 61, 123, 221, 697, 794, 830
86, 634, 682, 769, 837, 871, 986
81, 137, 201, 209, 238, 283, 397, 550, 571, 662, 797, 849, 870, 912, 946, 996
147, 238, 416, 418, 443, 543, 618, 798, 799, 938, 946, 996
60, 100, 318, 338, 360, 409, 589, 688, 894, 946
61, 77, 133, 147, 221, 421, 521, 592, 874, 879, 930, 981, 992
34, 63, 145, 408, 425, 432, 488, 553, 810, 933, 959, 998
283, 300, 680, 855, 990
69, 85, 152, 319, 354, 534, 644, 798, 813
152, 192, 432, 442, 706, 709, 974
63, 266, 901, 904
416, 437, 629
144, 192, 221, 281, 546, 561, 649, 675, 913
21, 23, 647, 759, 782
188, 356, 399, 662, 855
19, 63, 191, 451, 604, 898, 988
52, 120, 176, 395, 586, 631, 743, 803, 893
497, 578, 604, 828
48, 63, 80, 112, 124, 132, 201, 586, 603, 612, 937
17, 375, 607, 707
143, 231, 445, 553
189, 234, 320, 395, 471, 707, 722, 769, 782
160, 495, 661, 662, 699, 709, 817, 864, 870, 876, 879, 904, 907
62, 179, 306, 327, 371, 490, 498, 524, 670, 894
553, 631, 666, 881, 961, 995
107, 135, 557, 682, 934, 996
147, 188, 222, 242, 331, 416, 809, 868, 903, 966, 992
72, 97, 148, 684, 815, 826, 909, 931
63, 124, 222, 495, 517
9, 108, 123, 125, 201, 274, 315, 371, 461, 472, 636
36, 178, 409, 707, 709, 822, 904
150, 320, 730, 885, 962
229, 338, 344, 478, 544, 559, 975
326, 799
5, 298, 374, 378, 663, 720, 766, 851
132, 316, 377, 456, 471, 673, 690, 851, 877
139, 168, 522, 829, 951
27, 330, 648, 886, 898
2, 16, 29, 44, 241, 360, 429, 492, 558, 837, 961, 998
124, 729, 946
94, 106, 543, 724, 738, 946
78, 170, 309, 404, 501, 607, 747, 808, 946, 992
69, 100, 188, 219, 230, 246, 360, 545, 852
11, 87, 283, 291, 306, 628, 688, 767, 803, 811
57, 78, 368, 493, 549, 604, 699, 765, 782, 951, 981
198, 248, 318, 769, 806, 986
23, 76, 81, 127, 148, 188, 463, 601, 777, 837, 874, 921
43, 76, 130, 192, 221, 284, 291, 375, 411, 416, 456, 465, 502, 737, 808, 826
9, 17, 140, 399, 419, 480, 545, 675, 990
35, 231, 277, 368, 870, 895
94, 117, 124, 132, 362, 553, 612, 656, 682, 800, 806, 892, 938
648, 912
85, 173, 289, 442, 601, 656, 753, 873, 987, 999
142, 155, 271, 284, 289, 322, 330, 439, 585, 665, 815, 850, 871, 902, 949
359, 439, 705, 822, 830, 989
117, 412, 423, 521, 553, 631, 729, 909, 970, 983
14, 127, 610, 632
14, 374, 405, 477, 577, 694, 744, 820, 925, 939, 948
38, 39, 95, 155, 405, 502, 575, 613, 644, 656, 664, 981
38, 265, 288, 534, 694, 877, 988, 990
48, 67, 261, 368, 402, 412, 425, 507, 565, 569, 623, 629, 667, 871, 883, 909, 910
575, 845, 986
69, 118, 325, 335, 418, 674, 676, 811, 820, 827, 899, 938
182, 248, 328, 595, 604, 700, 783, 962, 966
1, 170, 234, 261, 693, 930
12, 62, 148, 395, 538, 612, 874, 992
127, 132, 183, 233, 311, 319, 773, 778, 947
183, 280, 300, 354, 390, 537, 553, 603, 696, 709, 915, 959, 963, 973
3, 36, 71, 87, 120, 127, 238, 601, 740
558, 568, 572, 631, 645
179, 221, 300, 446
136, 272, 555, 620, 964
47, 62, 117, 148, 542, 553, 832, 868
281, 430, 459, 486, 729, 806, 808
106, 126, 145, 167, 399, 544, 578, 613, 631, 779, 894
5, 855, 900
392, 471, 534, 557, 661, 662, 934, 973, 993
286, 352, 592, 624, 733, 742, 840, 904
61, 171, 190, 340, 610, 628, 707
38, 63, 186, 241, 335, 619, 902
36, 124, 504, 530, 631, 737, 955
7, 17, 163, 170, 234, 314, 334, 414, 447, 864, 926
325, 444, 464, 490, 518, 595, 631
40, 104, 182, 399, 628, 905, 925
88, 289, 360, 789
274, 360, 404, 419, 445, 553, 555
100, 187, 510, 657, 705, 721, 723, 752, 972, 992
69, 237, 336, 520, 583, 592
3, 12, 159, 233, 472, 522, 737, 743, 828, 855, 871, 981
197, 238, 490, 808, 870
18, 87, 405, 472, 482, 553, 571, 924, 987
69, 88, 109, 193, 374, 405, 607, 689, 907, 917
120, 233, 283, 337, 521, 773, 811, 927, 963
89, 152, 416, 432, 629, 709, 867, 912, 931, 941
125, 241, 274, 300, 425, 490, 491, 511, 677, 683, 941
306, 432, 647, 722, 806, 827, 991, 994
72, 238, 291, 498, 523, 558, 778
105, 246, 395, 420, 630
553, 563, 990
94, 120, 281, 337, 521, 571, 782, 811
72, 109, 140, 266, 353, 387, 460, 518, 585, 837, 915, 938
36, 447, 776, 832, 973, 986
40, 49, 197, 222, 988
18, 197, 422, 428, 529, 578, 592, 785, 832
67, 74, 336, 402, 410, 601, 679, 907, 942
36, 107, 339, 566, 631, 815
72, 154, 553
85, 456, 484, 545, 799, 832, 904, 934
38, 166, 459, 560
212, 229, 289, 293, 631, 767
471, 671, 781, 939
39, 178, 360, 416, 648, 670
306, 395, 565, 592, 764, 800
9, 45, 219, 222, 612, 683, 712
185, 198, 314, 350, 409, 589, 848, 873
85, 144, 527, 610, 886
357, 881, 926
69, 71, 85, 90, 162, 275, 395, 617, 715
241, 300, 855, 903
3, 101, 455, 501, 653, 710, 715, 737, 824, 838
168, 422, 471, 926
123, 148, 236, 395, 447, 545, 710, 743, 821, 879, 964
0, 154, 294, 400, 682, 704
8, 62, 107, 214, 281, 770, 891, 955
57, 137, 142, 260, 682, 734, 778, 893, 927
55, 204, 254, 553, 799
80, 127, 220, 342, 399, 540, 777, 806, 929, 992
47, 81, 143, 179, 490, 612, 729, 743
117, 293, 446, 518, 733, 838
54, 95, 311, 402, 437, 703, 950
63, 163, 318, 425, 620, 648, 722, 916
339, 699, 807, 870, 879, 895
190, 199, 282, 313, 325, 367, 643, 829, 851
47, 55, 318, 472, 959
69, 93, 100, 226, 227, 338, 400, 483, 530, 575, 592, 863
119, 158, 182, 317, 511, 751, 973
23, 127, 148, 247, 395, 443, 656, 697, 989
121, 169, 221, 339, 403, 577, 592, 656
233, 295, 360, 412, 438, 444, 767
374, 674, 740, 804
11, 52, 163, 197, 881
157, 319, 322, 486, 517, 571, 709, 769, 879, 990
70, 87, 222, 385, 387, 388, 558, 598, 600, 601, 622, 750, 797, 832, 874, 934
76, 140, 154, 231, 480, 592, 611, 614, 955
215, 242, 291, 375, 473, 480, 709, 806, 903
300, 565, 571, 837, 855, 874, 991
20, 36, 268, 306, 521, 607, 901, 927
3, 178, 203, 210, 216, 350
17, 281, 339, 364, 402, 612, 642, 891, 962
63, 174, 209, 293, 335, 420, 493, 652, 666, 871, 927
38, 47, 326, 521, 601, 697, 778, 791, 955
104, 209, 214, 302, 501, 723, 734, 744, 777, 926
18, 501, 575, 693, 707, 806, 925
63, 170, 351, 368, 530, 673, 771, 799, 981
63, 392, 402, 695, 807, 834
85, 344, 422, 469, 545, 555, 815, 837, 908
95, 129, 147, 259, 521, 699, 893
495, 662, 817, 864, 876, 879, 907
47, 55, 238, 351, 368, 584, 868
150, 168, 480, 892
146, 521, 553, 647, 774, 827, 863, 913, 916, 970
214, 220, 318, 325, 432, 564
166, 432, 521
23, 68, 148, 160, 871, 918
38, 106, 192, 206, 283, 443, 527, 777
107, 135, 238, 557, 682, 767, 934, 996
139, 283, 293, 300, 521, 950, 966
8, 137, 312, 379, 671
182, 248, 328, 595, 604, 700, 931, 962, 966
28, 124, 527, 600, 959
112, 144, 470, 497, 559, 662, 765
23, 221, 333, 412, 740, 769, 955
3, 679, 756, 822, 827, 863
127, 405, 529, 595, 907
20, 38, 241, 360, 543, 571, 607, 634, 740, 776, 850, 974
61, 77, 133, 147, 221, 421, 521, 592, 874, 879, 930, 981
81, 168, 209, 289, 509, 595, 669, 871
21, 123, 238, 500, 501, 534, 545, 571, 604, 708, 915, 934
197, 405, 437, 447, 994
28, 62, 69, 132, 555, 592, 767, 868
67, 229, 628, 767, 815, 989
21, 131, 171, 437, 595
148, 185, 274, 374, 627, 778
140, 283, 289, 571, 652
49, 91, 103, 197, 222
154, 162, 598, 871, 874
182, 221, 261, 271, 303, 676
38, 137, 163, 603, 611, 655, 938
422, 607, 631, 657, 806
142, 326, 416, 527, 669, 949, 996
314, 402, 613, 699, 825, 831, 917
123, 303, 387, 423, 432, 444, 446, 472, 637, 730, 963
20, 241, 360, 540, 607, 634, 778, 855
132, 261, 378, 382, 436, 493, 626, 650, 656, 723, 784, 813
36, 70, 198, 385, 387, 388, 395, 522, 598, 622, 794, 832, 963
170, 195, 282, 375, 385, 404, 412, 656, 669, 738
240, 368, 510, 604, 639, 648, 884, 946, 988
416, 487, 510, 656, 663, 680
19, 63, 140, 191, 216, 420, 451, 604, 631, 648, 778, 855, 898, 988
43, 89, 622, 647, 662, 874
139, 238, 248, 699, 873, 925
81, 246, 335, 625, 629, 874
417, 692, 870
206, 416, 520, 561, 592, 778, 868, 998
152, 192, 432, 442, 709, 974
124, 219, 266, 673, 729, 807, 832
28, 38, 125, 236, 348, 377, 387, 716, 744, 794, 829, 981
124, 222, 444, 446, 733, 943
215, 242, 291, 375, 473, 480, 709, 806, 903
221, 238, 374, 439, 453, 456, 800, 813
63, 117, 368, 383, 422, 722, 753, 815, 931
72, 131, 147, 415, 599, 697, 800, 801, 929
67, 173, 326, 442, 607, 681, 722, 873, 987, 994
201, 414, 455, 674, 852, 908
116, 338, 578, 707, 879, 994
106, 126, 145, 167, 578, 613, 631, 779, 894
80, 178, 224, 374, 471, 487, 529, 908, 912, 994
21, 33, 389, 461, 599, 832, 915, 917
205, 297, 439, 555, 771, 946
379, 518, 554, 560, 586, 623, 764
9, 116, 154, 182, 335, 455, 494, 539, 656, 684
67, 316, 471, 669, 738, 803, 913
174, 242, 673, 751
25, 51, 63, 78, 219, 274, 336, 429, 601, 851, 863, 959
36, 215, 375, 542, 571, 800, 893, 901
11, 218, 552, 570, 808
72, 109, 140, 148, 190, 266, 353, 387, 456, 460, 518, 585, 837, 938
14, 123, 524, 571, 614, 649, 709, 740, 754
87, 137, 238, 283, 518, 616, 769, 797, 824, 849, 870, 941
446, 607, 667, 871
167, 260, 282, 303, 492, 625, 656, 709, 790
187, 395, 827, 863, 889
325, 731, 993
124, 229, 420, 619, 748, 820, 893, 988
87, 172, 447, 829, 832, 973
190, 330, 471, 472, 773
21, 85, 86, 354, 444, 629, 721
66, 69, 106, 123, 126, 167, 432, 613, 799, 808, 817
246, 281, 521, 669
38, 107, 224, 356, 360, 553, 601, 892
36, 69, 414, 455, 472, 481, 656, 674, 732, 799, 852, 908, 911, 985, 993
11, 28, 246, 378, 387, 553, 668, 724, 960
42, 72, 154, 471, 553, 644, 795, 809, 998
87, 123, 127, 459, 497, 722, 903
150, 321, 404, 493, 497, 669, 684, 729, 756, 770, 772, 816, 874, 877, 996
27, 33, 112, 144, 175, 372, 470, 559, 826, 829, 876, 925
261, 280, 287, 410, 589, 595, 599, 880, 910, 994
67, 69, 299, 400, 455, 667, 868
47, 55, 142, 221, 291, 318, 387, 446, 542, 709, 923, 925, 959
8, 124, 242, 274, 353, 595, 736, 800, 806
63, 146, 599, 761, 828, 931
26, 121, 212, 230, 473, 621, 629, 778, 827
17, 63, 289, 325, 400, 555, 592, 616, 661, 888
63, 451, 500, 545, 746, 767, 821
17, 397, 416, 575, 679, 721, 808, 894, 930
62, 266, 387, 647
145, 368, 537, 598, 604, 709, 815, 837, 962, 999
213, 410, 500, 782
145, 738, 744, 863, 920
43, 100, 214, 298, 374, 432, 481, 604, 855, 915
14, 47, 191, 334, 387, 415, 566, 631, 806, 877, 930
63, 116, 289, 374, 668, 865, 883
63, 121, 400, 555, 661, 690, 778, 806, 888, 934
21, 148, 224, 293, 423, 553, 565, 669, 717
48, 216, 219, 228, 356, 420, 601, 682, 759, 883
126, 318, 437, 670, 806, 939
117, 399, 545, 794, 809, 963
192, 246, 306, 387, 522, 806, 858, 867, 889
183, 209, 367, 376, 402, 439, 553, 664, 829
51, 76, 112, 125, 132, 383, 439, 518, 521, 603, 754, 803, 875, 931, 954
274, 319, 555, 660, 929
500, 632, 706, 743
17, 52, 176, 395, 586, 631, 743, 832, 874, 893
8, 21, 301, 414, 446, 453, 493, 592, 894, 921
19, 107, 109, 179, 246, 283, 662, 722
259, 436, 472, 634, 756, 832
482, 522, 634
23, 148, 160, 446, 592, 871, 918
71, 73, 595, 800
119, 208, 360
12, 15, 107, 199, 274, 293, 531, 607, 657, 764
48, 274, 293, 553, 709, 851, 905
121, 160, 238, 445, 533, 572, 709, 753
48, 219, 319, 356, 518, 601, 736, 753, 759
55, 100, 316, 585, 591, 625, 703, 732
493, 863, 874
28, 67, 117, 384, 399, 418, 432, 589, 666, 739, 815, 909, 959
25, 72, 168, 518, 541, 901, 910
26, 63, 81, 240, 281, 318, 531, 545, 575, 636
23, 72, 163, 482, 577, 601, 629, 662, 689, 720, 745, 831, 988
17, 119, 208, 274, 360, 604, 612, 764, 782
362, 612, 682, 806
135, 170, 477, 553, 756, 799, 871
13, 23, 63, 139, 325, 601
143, 152, 254, 412, 480, 608, 651, 806
259, 293, 300, 450, 540
51, 261, 571, 580, 586, 828, 875, 959
39, 204, 228, 318, 403, 610, 629, 788, 829, 996
55, 89, 147, 150, 181, 224, 281, 446, 832, 837, 868, 931
35, 142, 387, 446, 709, 710, 764, 808
154, 443, 560, 592, 852
48, 66, 138, 170, 213, 561, 604, 963
36, 70, 115, 117, 147, 416, 497, 604, 682, 684, 807, 874, 888, 903, 912, 969, 981
29, 344, 540, 812
11, 287, 307, 527, 707
39, 189, 339, 377, 403, 430, 566, 662
35, 198, 289, 337, 412, 565, 710, 761, 864, 879, 962
783, 815
69, 73, 284, 470, 710, 756, 909, 951
371, 412, 430, 553, 623, 764, 963
117, 220, 318, 430, 432, 531, 571, 826, 837, 985
337, 666, 682, 827, 859, 950
41, 378, 472, 514, 603, 790, 914
147, 341, 553
147, 238, 418, 443, 543, 798, 799, 946, 996
5, 39, 319, 534, 540, 626, 891, 976
102, 127, 300, 414, 717, 794, 808, 976
439, 460, 649
247, 274, 293, 623, 744, 908, 959
26, 52, 107, 391, 644, 756, 783, 955
240, 283, 334, 470, 622, 807
14, 34, 87, 152, 173, 399, 432, 442, 571, 669, 722, 744, 771, 910, 974
52, 303, 338, 389, 438, 852, 883, 978
215, 242, 291, 375, 473, 480, 709, 806, 903
43, 399, 432, 603, 620, 709, 744, 817, 931
14, 35, 38, 140, 168, 274, 416, 610, 623, 863, 945, 962
127, 202, 800, 829
140, 146, 443, 518, 555, 570, 696
81, 101, 286, 304, 546, 642, 739, 766, 868
18, 198, 274, 289, 374, 403, 566, 682, 878
148, 558, 619, 631, 729, 784, 807, 855, 902
147, 336, 341, 516, 553, 592, 642, 709, 970
87, 103, 259, 539
247, 619, 914
146, 325, 366, 472, 992
192, 306, 387, 522, 806, 867, 889
246, 403, 416, 423, 520, 598
592, 901
85, 138, 200, 291, 328, 388, 439, 524, 615, 941
47, 221, 416, 439, 607, 811, 855
26, 66, 67, 213, 333, 390, 656, 722, 772, 879, 895, 948
209, 242, 297, 696, 876
306, 405, 851, 966
209, 216, 234, 320, 321, 455, 463, 531, 598, 711, 738, 851
191, 357, 413, 764, 855, 960
69, 143, 474, 486, 522, 604, 820, 829
40, 192, 420, 439, 521, 532, 705, 994
197, 460, 463, 827
144, 377, 412
319, 325, 490, 560
461, 682, 881, 901, 950
28, 35, 38, 63, 124, 402, 532, 534, 601, 631, 661, 740, 832, 915, 970
69, 201, 266, 484, 493, 495, 707, 737, 874
87, 116, 371, 437, 631, 727
123, 154, 161, 486, 546, 739, 764, 855, 868
61, 120, 158, 179, 316, 335, 409, 433, 528
146, 571
45, 148, 222, 453, 612, 619, 683, 712
214, 246, 255, 351, 460, 647, 931, 996
201, 481, 545, 700, 973, 993
70, 385, 387, 388, 522, 598, 622, 832
33, 112, 144, 470, 497, 765, 925
38, 146, 240, 531, 545, 575, 751
214, 575, 916, 946
106, 222, 300, 335, 859
40, 117, 269, 338, 555, 577, 601, 603, 871, 902
102, 234, 409, 426, 518, 527, 545, 546, 559, 737, 740, 783, 867, 889, 963
76, 142, 221, 243, 281, 339, 518, 557, 820
62, 144, 280, 281, 369, 398, 501, 707, 888, 932
162, 217, 445, 545, 622, 668, 850
233, 360, 444, 580, 629, 709, 988
48, 74, 144, 170, 186, 209, 444, 463, 610, 616, 628, 901, 973, 994
127, 202, 339, 629, 800, 829
78, 127, 571, 729, 874, 907, 963
325, 444, 464, 490, 518, 595, 631
39, 63, 309, 375, 412, 902, 961
33, 112, 144, 372, 470, 925
116, 302, 353, 377, 422, 444, 592, 757, 800
13, 144, 451, 647, 775, 795, 876
52, 69, 119, 138, 322, 353, 430, 459, 611, 613, 678, 772, 806, 874, 931
48, 106, 300, 509, 571
8, 67, 148, 214, 628, 647, 803, 813, 891, 955
62, 306, 327, 371, 436, 670, 925
154, 490, 692, 825, 892
39, 387, 490, 558, 604, 649, 727
95, 219, 248, 377, 462, 884
217, 222, 709, 988
247, 248, 335, 837
22, 59, 68, 371, 486, 628, 675, 844, 903
0, 11, 86, 222, 405, 455, 523, 527, 534, 568, 599, 611, 687, 707, 730, 753, 764, 794, 859, 930, 988
8, 67, 148, 214, 628, 647, 803, 813, 891, 955
36, 238, 298, 459, 604, 670, 709, 796, 863
57, 61, 126, 179
631, 721
12, 61, 509, 540, 611, 628, 697, 800, 930
8, 511, 583, 607, 808, 811, 832
101, 111, 142, 214, 405, 516, 871
11, 241, 318, 405, 446, 492
43, 63, 71, 103, 219, 319, 326, 339, 377, 543, 545, 571, 868
36, 136, 248, 589, 706, 734, 969
11, 63, 164, 278, 289, 371, 432, 472, 647, 826, 863
63, 71, 719, 764, 817, 930
172, 199, 361, 400, 510, 553, 584, 592, 656, 700, 746, 939
432, 575, 579, 800
38, 236, 409, 576, 700
293, 338, 456, 497, 642, 699
126, 171, 438, 509, 738, 773, 939
178, 179, 471, 477, 714, 815, 837, 868
5, 71, 297, 545, 981
3, 83, 148, 326, 330, 482, 592, 696
87, 205, 335, 808, 837, 913
28, 74, 233, 403, 461, 543, 629, 767, 854, 884, 964, 988
120, 483, 607, 814, 832, 981, 984
4, 40, 169, 171, 240, 292, 319, 364, 471, 540, 644, 662, 740, 803, 863
87, 127, 182, 289, 325, 436, 518, 737, 811, 863
41, 126, 144, 397, 761
70, 128, 140, 221, 258, 306, 438, 603, 764, 773, 803, 871, 946
185, 350, 409, 848, 873
155, 259, 403, 441, 988
607, 707, 916, 955
656, 784, 849, 902
62, 289, 325, 553, 612, 960
51, 85, 207, 377, 510, 518, 661
147, 188, 222, 242, 331, 416, 809, 868, 903, 966, 992
61, 66, 124, 148, 221, 405, 420, 545, 652, 700, 759, 992
38, 154, 159, 233, 472, 560, 576, 578, 800, 828, 855, 876, 941, 959, 976
8, 40, 172, 191, 217, 291, 437, 519, 572, 575, 851, 863, 917, 941
112, 142, 195, 233, 330, 400, 509, 513, 592, 756, 845, 870, 892, 907, 922
130, 360, 446, 457, 514, 629, 753, 880, 992
74, 124, 281, 433, 511, 722
62, 90, 193, 366, 567, 639, 748
205, 320, 325, 422, 437, 612
73, 306, 318, 442, 592, 616, 633
14, 19, 48, 238, 486, 582, 697, 800
85, 129, 404, 583, 737, 747, 808, 917
148, 159, 185, 274, 374, 533, 627, 664, 778, 784, 813, 863, 930, 950
216, 471, 501, 612, 620, 758, 808, 852, 859
5, 182, 432, 459, 471, 649, 715
191, 377, 473, 486, 682, 886, 950
62, 68, 119, 209, 647, 900, 903
300, 509, 518, 595, 631, 827
76, 154, 231, 480, 592, 614, 871
36, 219, 336, 405, 571, 674, 729
123, 132, 331, 472, 709, 803, 884, 981, 994
17, 61, 70, 91, 148, 432, 767, 934
12, 36, 87, 120, 601, 679, 740, 993
132, 331, 389, 416, 472, 729, 782, 827, 850, 855
63, 71, 339, 377, 571
83, 339, 404, 431, 553, 729, 814, 832, 840
147, 281, 284, 299, 387, 790, 881
170, 531, 803, 849, 963
127, 686, 938, 992, 994
8, 48, 273, 328, 553, 571, 622, 673
10, 15, 92, 140, 242, 509, 683, 778, 992
9, 15, 63, 117, 146, 266, 383, 542, 780, 842, 868
410, 558, 592, 609, 699, 973
21, 197, 214, 234, 370, 514, 520, 559, 916, 931, 946
169, 281, 510, 607, 674, 709, 798, 807, 902, 988
102, 167, 219, 561, 680, 722
108, 293, 400, 500, 514, 524, 545, 647, 660, 681, 721
159, 197, 770, 889, 955
28, 154, 197, 281, 371, 396, 539, 559, 669, 820, 829
124, 383, 662, 840
81, 168, 289, 509, 595, 669, 806
14, 44, 62, 117, 283, 368, 832, 855, 967, 970
215, 291, 375, 473, 709, 806, 903
221, 274, 316, 519, 648, 743, 806, 894
119, 147, 444, 501, 657, 870, 873, 904
326, 446, 518, 946
26, 87, 116, 158, 283, 319, 402
52, 368, 430, 592
89, 144, 209, 293, 416, 444, 543, 598, 629, 734, 832, 886, 973
126, 145, 238, 403, 412, 578, 613, 631, 779, 813, 828
67, 83, 221, 577, 863, 912, 962, 988
95, 123, 381, 414, 487, 619, 756, 817, 963, 988, 994
36, 38, 63, 132, 562, 656, 722, 938, 963
36, 222, 241, 335, 429, 563, 598, 610, 639, 670, 863
87, 99, 236, 260, 281, 283, 293, 356, 374, 389, 764, 837, 973
63, 66, 100, 127, 202, 284, 474, 511, 559, 759, 798, 903
132, 278, 480, 769, 837, 891
117, 234, 259, 319, 904
52, 391, 832
200, 440, 487, 521, 963, 970
57, 145, 222, 306, 335, 480, 481, 553, 780, 789, 993
107, 371, 455, 571, 667, 732, 871, 874
7, 219, 221, 402, 829, 881, 907, 996
121, 145, 215, 473, 491, 603, 806, 903
87, 190, 412, 784, 786, 852
61, 167, 500, 624, 673, 820, 859
104, 138, 360, 375, 377, 773, 937
10, 138, 182, 316, 666, 699, 961
303, 321, 557, 817, 903, 963
52, 55, 391, 607, 707, 764, 832, 955
23, 85, 197, 387, 808, 994
28, 36, 81, 91, 140, 146, 277, 370, 443, 501, 518, 555, 607, 629, 673, 722, 852, 930, 983
89, 209, 222, 255, 259, 442, 761, 815, 829, 831, 874, 998
14, 442, 571, 771, 974
68, 383, 531, 624, 652, 669, 682, 993
78, 127, 233, 255, 293, 391, 425, 437, 778, 815
129, 155, 322
97, 358, 374, 782, 912
23, 318, 371, 374, 507, 607, 694, 704, 716
23, 325, 707, 709, 719, 827, 891, 962
39, 178, 360, 416, 648, 670, 981
155, 507, 674, 739, 908
66, 268, 327, 527, 553, 684, 902
106, 259, 399, 486, 524, 683, 723, 734, 813, 876, 895, 938
289, 299, 432, 570, 601
259, 260, 364, 662, 988
12, 47, 527, 629, 877, 925
66, 150, 392, 405, 461, 818, 883, 938
69, 123, 158, 189, 391
35, 66, 231, 241, 277, 368, 617, 707, 709, 870, 895
300, 353, 444, 642, 761, 864, 881, 955
38, 337, 595, 629, 673
126, 423, 575, 610, 674, 899, 961
10, 518, 571, 666, 763, 806, 993, 994
150, 320, 360, 730, 885, 962
107, 371, 455, 571, 667, 732, 871, 874
161, 553, 555, 894
49, 51, 387, 446, 471, 553, 707, 807, 876, 912, 953
63, 120, 203, 336, 339, 428, 813, 859
371, 412, 430, 553, 623, 764
286, 352, 592, 624, 733, 742, 840, 904
109, 124, 316, 412, 485, 529, 709, 859
76, 89, 132, 318, 570, 822, 827, 913, 951, 988
360, 496, 707, 821, 852
12, 127, 265, 523, 574, 753, 851
150, 320, 360, 730, 885, 962
137, 147, 469, 527, 558, 649, 858, 947
3, 83, 107, 150, 219, 293, 306, 464, 743, 810, 874, 881, 917, 921
186, 290, 348, 420, 436, 625, 786, 915
39, 87, 135, 169, 176, 253, 306, 461, 481, 538, 612, 613, 648, 673, 901, 917, 955
217, 643, 738, 771, 809, 827
28, 190, 238, 384, 456, 732, 795, 870
142, 238, 432, 446, 538, 619, 631
117, 318, 324, 451, 540, 547, 622
103, 272, 303, 387, 478, 601, 634, 752, 767, 891
52, 179, 218, 274, 375, 578, 764, 799, 960, 962
76, 293, 456, 557, 767, 955
5, 135, 150, 390, 553, 595, 738, 907
49, 55, 150, 368, 403, 439, 549, 561, 729, 909, 988
41, 43, 62, 76, 90, 193, 284, 366, 416, 456, 501, 530, 639, 668, 748
14, 63, 219, 350, 404, 471, 540, 664, 669, 683, 852
109, 231, 395, 781, 861, 959
335, 473, 521, 981
47, 55, 238, 351, 584
69, 81, 238, 283, 337, 347, 543, 586, 701, 709, 876, 931
95, 129, 147, 259, 423, 521, 699, 893
439, 456, 490, 673
303, 321, 557, 817, 903, 963
6, 73, 145, 179, 192, 432, 455
53, 85, 171, 216, 501, 662, 738, 827, 864, 938
47, 48, 145, 207, 390, 849
446, 541, 699, 735, 783, 895
139, 483, 583, 592, 646, 740, 863, 992
8, 107, 148, 214, 281, 891, 955
35, 38, 48, 63, 257, 601, 740
148, 261, 293, 297, 360, 402, 428, 439, 444, 560, 693, 702
18, 150, 426, 562, 634, 670, 880, 979
399, 436, 509, 592, 668, 874, 953
39, 135, 178, 248, 360, 416, 472, 648, 670, 682
6, 171, 222, 424, 525, 764, 771
69, 100, 188, 219, 230, 246, 360, 545, 852
117, 338, 410, 516, 631, 706, 735, 827, 839, 988, 994
344, 405, 580, 670
47, 55, 318, 391, 472, 571, 764, 925, 959
48, 80, 112, 123, 124, 543, 586
160, 226, 430, 555, 668, 684, 744, 863, 899, 920, 951, 992
29, 33, 53, 293, 335, 344, 347, 360, 583, 586, 607, 834, 873, 914
38, 295, 325, 439, 662, 753, 879, 902
235, 803, 821, 847
159, 242, 619, 696, 987
9, 12, 69, 137, 501, 592, 606, 668, 707
430, 442, 611, 764, 799
124, 433
610, 881, 886
62, 68, 119, 209, 647, 648, 900, 902, 903
87, 168, 222, 306, 325, 377, 724, 898, 925
259, 368, 423, 517, 566, 789
112, 289, 812, 835
106, 135, 238, 534, 682, 825, 990, 996
95, 129, 147, 521, 893
48, 399, 527, 575, 750, 889
8, 50, 247, 319, 412, 446, 612, 870, 961
62, 306, 327, 498, 524, 670, 894
218, 477, 497, 558, 656, 908, 993
137, 419, 527, 575, 707, 764
119, 170, 631, 744, 790, 800, 937
67, 74, 336, 402, 410, 601, 679, 907, 942
80, 326, 380, 432, 472, 676, 707, 809, 811, 925
116, 246, 432, 493, 494, 559, 579, 993
522, 582
40, 132, 192, 278, 420, 439, 480, 521, 532, 705, 769, 837, 891, 994
14, 477, 852, 879, 884
112, 233, 330, 400, 513, 592, 756, 922
62, 66, 192, 247, 306, 478, 639, 673, 784, 861, 916, 994
103, 326, 399, 907, 961
33, 124, 502, 776
9, 69, 137, 668, 707
60, 71, 329, 344, 375, 445, 546, 559, 962, 966
142, 163, 543, 660, 699, 820, 849, 863, 903, 917, 994
117, 138, 324, 432, 540, 604, 612, 688, 791, 821, 829, 883, 908, 959
87, 159, 318, 348, 925
72, 482, 577, 601, 629, 662, 720, 745, 988
26, 183, 473, 543, 621, 683, 797
38, 41, 238, 318, 348, 729, 950
29, 63, 127, 129, 391, 753, 807, 877
198, 248, 318, 634, 729, 769, 927, 986
19, 198, 342, 350, 360, 388, 395, 658, 794, 798
100, 103, 173, 439, 829, 856, 869
66, 123, 154, 161, 176, 465, 546, 548, 739, 855, 858
85, 138, 200, 291, 328, 388, 439, 524, 615, 941
247, 433, 601, 786
117, 138, 324, 432, 540, 604, 612, 688, 791, 821, 829, 883, 908, 959
9, 12, 69, 137, 501, 592, 606, 668, 707
27, 149, 229, 374, 418, 870
36, 327, 420, 601, 883, 961
111, 118, 125, 182, 300, 465, 740, 803, 868
132, 339, 482, 553, 568, 664, 988
318, 484, 589, 818, 827, 858
81, 316, 707, 777
63, 387, 404, 437, 520, 538, 640
130, 142, 447, 456, 550, 586, 592, 623, 692, 722, 778, 832, 921, 934, 994
36, 40, 67, 385, 472, 640, 656, 709, 834, 894, 911, 913, 961
52, 224, 667, 685, 837, 854, 931
104, 138, 360, 375, 377, 773, 937
38, 168, 367, 510, 571, 623, 664, 682, 743, 764, 829, 855, 871, 909, 924, 926
8, 107, 148, 214, 281, 891, 955
8, 123, 246, 337, 628, 764, 794, 874, 963, 996
49, 472, 707, 709, 877
38, 96, 125, 432, 488, 624, 806, 807, 876
229, 628, 815, 989
221, 316, 733, 827, 852, 938, 963
11, 350, 512, 738
63, 120, 145, 163, 318, 371, 439, 509, 601, 679, 684, 771, 871, 938, 986, 994
76, 154, 231, 480, 592, 611, 614, 955
159, 335, 443, 518, 521, 624
87, 99, 236, 260, 281, 283, 293, 356, 374, 389, 764, 837, 973
11, 116, 217, 281, 674, 721, 808, 840
61, 94, 147, 154, 198, 353, 467, 477, 561, 776, 933, 939
130, 289, 520, 827, 964
63, 168, 310, 400, 416, 425, 492, 592
35, 85, 160, 255, 267, 277, 281, 339, 342, 387, 395, 430, 446, 492, 553, 648, 696, 737, 797, 886, 939
71, 156, 282, 554, 589, 595, 745, 756, 777, 875, 951, 961
214, 300, 427, 428, 616, 628, 684, 905
48, 667, 891, 964
5, 155, 444, 558, 624, 946
79, 127, 147, 171, 238, 444, 522, 673, 871, 901
354, 494, 510, 681, 847, 851, 936, 973, 986
80, 178, 224, 374, 471, 487, 529, 908, 912, 994
29, 63, 127, 129, 391, 753, 807, 877
123, 686, 732, 803, 924, 930, 955
387, 480, 545, 740, 808
48, 137, 233, 747, 858
104, 152, 360, 628, 679, 707, 806, 835
416, 481, 574, 660, 963
28, 86, 100, 147, 155, 193, 399, 442, 542, 609, 827, 998
14, 351, 543, 559, 575, 582, 697, 790, 800, 948, 950
493, 807
146, 219, 273, 439, 597, 628, 699, 778
187, 325, 493, 510, 699, 705, 721, 765, 868, 951
61, 66, 124, 221, 405, 420, 652, 759
170, 298, 586, 937
45, 55, 592, 676
124, 212, 541, 584, 696, 902
23, 283, 547, 722, 756, 917
163, 477, 501, 683, 705, 852, 885, 933
80, 214, 248, 300, 335, 439, 486, 539, 601, 623, 662, 815, 871
52, 132, 241, 350, 443, 524, 571, 722
35, 142, 387, 446, 709, 710, 764, 808
455, 540, 877, 884, 885, 931
107, 219, 293, 464, 743, 810, 917
132, 350, 601, 604, 621, 730, 800, 867
263, 575
69, 497, 546, 580, 744, 828
140, 222, 283, 289, 317, 437, 443, 484, 508, 571, 652, 722, 778, 798, 937, 941
52, 86, 155, 182, 425, 570, 571, 624, 628, 868, 903
51, 183, 306, 316, 523, 647, 893, 903
126, 171, 438, 477, 493, 509, 738, 773, 939
163, 277, 601, 775, 857
35, 87, 350, 378, 496, 500, 544, 571, 709, 718, 789, 973
38, 303, 383, 545, 667, 755, 827, 861, 970
40, 117, 269, 338, 577, 601, 871
1, 95, 179, 185, 261, 372, 374, 517, 628, 690, 693, 790, 902, 930
19, 117, 204, 339, 490, 676, 770, 815
17, 114, 140
93, 246, 472
374, 379, 553, 868, 903, 981
178, 190, 351, 459, 606, 612, 730, 734, 807, 910
33, 142, 145, 306, 480, 500, 652
20, 142, 247, 604, 631, 738, 822, 938
14, 20, 53, 76, 255, 555
126, 139, 189, 492, 540, 554, 613, 686, 753, 771, 829, 924, 931, 955
28, 147, 421, 647, 753, 800, 925, 926
100, 130, 333, 368, 375, 808, 826, 829, 897
212, 229, 293, 631, 767
55, 142, 147, 444, 446, 584, 647, 859, 879
231, 238, 240, 561, 586, 592
38, 335, 425, 539, 546, 598, 701, 988
78, 103, 334, 415, 820
241, 501
38, 295, 300, 325, 439, 444, 509, 518, 595, 631, 662, 753, 827, 879, 902
189, 234, 320, 395, 471, 707, 722, 769, 782
86, 247, 629, 782, 828
48, 274, 293, 553, 709, 851, 905
43, 112, 396, 881
132, 160, 255, 354, 446, 546, 595, 758
63, 67, 100, 126, 209, 214, 300, 412, 531, 607, 662, 722, 723, 958
155, 168, 402, 405, 662, 758, 803, 858, 964
240, 283, 334, 470, 622, 807
395, 432, 529, 658, 879, 942
106, 140, 159, 601, 682, 878, 909
3, 45, 377, 558, 934, 946
5, 40, 62, 169, 707, 731, 790, 907, 940, 988
93, 521, 554, 580, 693, 696, 916, 930, 950
19, 69, 100, 104, 300, 326, 442, 509, 560, 797, 883, 993
11, 217, 481, 738, 838, 904, 915, 988
9, 124, 208, 251, 300, 437, 471, 613, 662, 996
67, 132, 242, 709
21, 40, 150, 337, 612, 994
38, 61, 277, 683
132, 160, 255, 354, 446, 546, 595, 758
148, 192, 338, 508, 702
189, 240, 400, 430, 472, 603, 778, 790
66, 241, 617, 709
66, 140, 146, 188, 523, 553, 628, 961
14, 93, 248, 540, 666, 921, 994
314, 402, 613, 699, 825, 831, 917
217, 232, 321, 553, 840, 999
381, 450, 852
38, 55, 319, 592, 662
160, 318, 420, 575, 871, 949
48, 137, 233, 747, 819, 858
220, 221, 377, 565, 687, 747
348, 397, 553, 595, 717, 860, 981, 994
231, 437, 472, 753, 767, 771
17, 116, 127, 471, 486, 591, 903
246, 342, 442, 539, 599, 700, 709, 889
63, 241, 423, 481, 495, 607, 778, 942
31, 117, 234, 374, 467, 589, 912
346, 531, 532, 539, 730, 767, 800, 944, 950, 986
83, 221, 238, 300, 318, 359, 385, 577, 612, 707, 831
9, 115, 371, 709, 863, 963
147, 430, 577, 645, 651, 766, 906
629, 706, 892, 938, 994
119, 322, 430, 678
5, 39, 103, 667, 798, 838, 891, 936, 964
12, 421, 490, 832
43, 289, 299, 432, 561, 570, 601, 858
25, 674, 699, 830, 973
127, 342, 405, 444, 529, 595, 907
125, 263, 319, 484, 544, 636, 975
71, 230, 238, 403, 405, 607, 747, 764, 936
172, 204, 354, 400, 403, 484, 764, 948, 963
23, 136, 188, 690, 777
8, 107, 117, 147, 163, 188, 629, 648, 709, 815
246, 342, 379, 554, 560, 586, 623, 682
3, 187, 319
539
27, 163, 277, 601, 775, 789, 857
16, 28, 147, 152, 217, 302, 473, 531, 570, 571, 612, 800, 808, 864
8, 14, 420, 470, 487, 578, 601, 603, 647, 794
51, 76, 112, 383, 439, 518, 754, 875
87, 222, 934
71, 127, 182, 316, 339, 377, 446, 485, 518, 575, 592, 699, 733, 811, 813
107, 700, 729, 780, 813, 903, 912
437, 543, 553, 561, 647, 675, 682, 800, 851
247, 769, 772, 806, 849
89, 591, 753, 808, 925, 944
22, 85, 90, 179, 346, 563, 689, 914
72, 85, 188, 231, 300, 335, 337, 439, 670, 675, 791, 990
93, 245, 281, 294, 564, 620, 962, 973
11, 169, 402, 652, 733, 900, 973
109, 124, 221, 255, 607, 719, 981
366, 521, 540, 673, 898, 988
75, 339, 402, 490, 571, 642, 682, 873, 962
112, 124, 388, 454, 472, 623, 727, 871
248, 855, 870
471, 480, 733, 797, 806, 821
38, 62, 571
124, 453, 555, 682, 750
143, 544, 796, 995, 999
144, 209, 444, 734, 832, 886, 973
103, 314, 325, 375, 532, 806, 858
71, 100, 318, 358, 374, 564, 592, 599, 644, 652, 663, 707, 740, 809, 874, 907
43, 76, 480, 502
61, 66, 67, 69, 95, 289, 471, 542, 571
101, 166, 351, 473, 477, 545, 707, 806, 901, 941
101, 377, 416, 611, 625, 878, 901, 992
223, 464, 571, 625, 744, 813, 860
80, 137, 150, 155, 525, 592, 604, 759, 827, 955
97, 107, 118, 222, 439, 586, 601, 667, 707, 827, 868, 907
28, 59, 405, 639, 794
14, 260, 303, 442, 571, 656, 709, 790, 974
147, 238, 418, 443, 543, 798, 799, 946
25, 214, 234, 238, 255, 274, 326, 439, 559, 744, 852
47, 170, 216, 298, 586, 662, 697, 937
416, 423, 564, 666, 904, 914, 918, 988
107, 145, 192, 246, 327, 371, 553, 589, 827, 992
160, 368, 403, 432, 469, 482, 497, 511, 656, 666
80, 119, 130, 682, 704, 759, 955
50, 404, 484, 611, 805, 840, 861, 871
100, 108, 372, 529, 592, 595, 625, 688, 964, 994
28, 35, 38, 198, 216, 219, 330, 438, 549, 629, 855, 996
87, 604, 778, 973
67, 155, 337, 374, 447, 543, 689, 709
33, 39, 178, 325, 360, 553, 695, 720, 832, 903, 993
49, 222, 443, 601, 747, 759, 764, 863
69, 219, 603, 722, 737, 785
342, 820, 889, 996
50, 109, 118, 238, 612, 614, 679, 684
139, 472, 490, 647, 670, 709, 800, 813
45, 125, 360, 420, 555, 559, 647, 829, 934
46, 87, 315, 518, 541, 545, 549, 565, 996
63, 124, 222, 517, 864, 879
87, 374, 772, 806, 848, 850, 861
132, 248, 339, 438, 471, 472, 815, 829
87, 117, 555, 631
39, 116, 170, 347, 363, 371, 547, 803, 907
33, 63, 112, 144, 148, 337, 470, 497, 559, 585, 778, 815
9, 154, 163, 259, 336, 347, 416, 418, 472, 501, 553, 669, 747, 927
62, 68, 119, 209, 903
19, 322, 381, 901
199, 325, 868, 903
34, 87, 139, 599, 620, 706
21, 150, 319, 471, 523, 533, 564, 592, 807, 863, 924, 931, 963
39, 387, 490, 558, 604, 649, 727
117, 138, 324, 432, 604, 612, 791, 829, 908
81, 423, 543
190, 318, 511, 560, 571, 852, 877, 946, 989
467, 518, 616, 769, 879
9, 192, 209, 318, 360, 387, 463, 464, 586, 666, 683, 738
5, 299, 354, 472, 722, 959, 986
29, 63, 67, 306, 316, 371, 395, 447, 455, 592, 616, 624, 717, 722, 756, 790, 808, 838, 904, 992, 998
80, 145, 340, 377, 437, 624, 789, 799, 817, 877
9, 472, 527, 595, 622, 814, 852, 877
36, 188, 219, 222, 598, 639, 815, 863
387, 559, 571, 927
22, 59, 68, 371, 485, 486, 500, 628, 675, 844, 903, 934
8, 116, 132, 292, 471, 733, 752
109, 124, 316, 412, 485, 529, 709, 859
80, 416, 619, 620, 710, 778, 783, 863, 914, 931, 954, 988
205, 511, 607, 811
61, 159, 306, 319, 395, 486, 721, 729, 790, 877, 956
209, 318, 387, 464, 666
35, 231, 277, 368, 870, 895
55, 123, 142, 190, 221, 252, 414, 619, 647, 901, 917
155, 168, 402, 662, 758, 803, 858, 964
49, 154, 414, 606, 607, 814, 854, 868, 892
318, 603, 781, 813, 832, 850, 876
80, 150, 759, 955
83, 168, 238
3, 85, 209, 295, 592, 647, 707, 737, 813, 830, 856
12, 233, 472, 522, 737, 855
14, 241, 420, 470, 487, 501, 603
14, 72, 318, 339, 619, 643, 662, 720, 773, 829, 885
23, 127, 247, 656, 697, 989
124, 157, 182, 281, 303, 569, 670, 676, 829, 902, 919, 981, 989
622, 662, 874
26, 636, 706, 708, 871, 885, 896, 976
36, 69, 377, 439, 540, 565
238, 662, 704, 782, 806
171, 444, 786, 934, 950
108, 222, 395, 414, 523, 904, 909, 946, 962
140, 150, 170, 214, 441, 800, 914
69, 112, 117, 465, 662, 729, 772, 815
12, 36, 87, 120, 601, 679, 740, 993
43, 240, 374, 444, 520, 753, 806, 988
29, 545, 800, 809
148, 319, 360, 380, 514, 718, 786, 828, 937
73, 492, 720, 764
80, 171, 286, 432, 442, 586, 973
7, 360, 433, 647, 729, 780
41, 61, 62, 116, 192, 222, 314, 416, 527, 545, 829, 996
14, 74, 236, 321, 338, 486, 532, 601, 990
137, 147, 221, 469, 527, 558, 649, 858, 947
214, 246, 255, 351, 416, 460, 647, 931, 996
9, 21, 25, 127, 139, 436, 480, 606, 803, 815, 941, 958, 981
281, 316, 378, 554, 598, 681, 803, 903
740, 804
34, 61, 123, 221, 697, 794, 830
3, 116, 132, 339, 647, 722, 756, 785, 873, 874, 899, 996
48, 132, 192, 259, 298, 379, 425, 463, 490, 643, 673, 709
274, 421, 482, 667, 699, 745, 813
3, 35, 39, 310, 336, 518, 744, 780, 858
25, 234, 274, 439, 540, 559
17, 28, 57, 109, 135, 229, 319, 628, 673, 826, 868, 896
163, 291, 325, 405, 471, 559, 601, 794, 827
70, 385, 387, 388, 522, 598, 622, 832
87, 107, 403, 410, 487, 752, 863, 963
155, 300, 444, 509, 522, 595, 652, 859
58, 69, 87, 132, 171, 289, 325, 679, 813, 896
166, 259, 432, 472, 517, 521, 595, 732
38, 432, 463, 515, 523, 778, 807
279, 371, 395, 403, 432, 647, 690, 767, 837, 934
87, 123, 344, 543, 778
127, 383, 474, 666, 674, 715, 721, 854, 994
8, 107, 117, 147, 163, 188, 629, 648, 709, 815
26, 137, 460, 707, 729, 827, 863, 873, 962
12, 81, 217, 412, 524, 634, 764
17, 281, 364, 612, 891
123, 127, 455, 651
101, 400, 555, 625, 778, 901
423, 431, 457, 486, 720, 771, 778, 790, 896, 973
51, 316, 404, 622, 628, 673, 885, 996
85, 416, 744, 764, 813, 994
63, 527, 586, 592, 832, 859, 873
188, 207, 495, 529, 755, 894
69, 437, 682, 858, 946
247, 260, 397, 430, 443, 478, 522, 673, 706, 709, 732, 784, 832, 916, 933, 994
53, 124, 382, 383, 423, 662, 667, 909, 948
169, 446, 764, 803, 879, 933, 942
49, 143, 767, 884, 990
142, 205, 293, 570, 709, 767, 798
293, 439, 592, 806, 877, 931, 994
14, 420, 470, 487, 601, 603, 794
62, 229, 560, 699, 903, 992
138, 255, 366, 545, 559, 850, 938, 939, 988
29, 38, 159, 351, 371, 412, 511, 962
234, 318, 375, 633, 870, 990
71, 123, 131, 182, 292, 337, 442, 782, 830, 912, 993
85, 432, 613, 798, 915
144, 209, 444, 734, 832, 886, 973
63, 71, 76, 163, 189, 527, 612, 613, 828
87, 132, 446, 938
11, 86, 212, 214, 318, 325, 395, 432, 564, 702
40, 104, 242, 905
214, 246, 255, 351, 416, 460, 647, 931, 996
63, 142, 205, 209, 255, 293, 432, 570, 709, 767, 798, 994
17, 78, 400, 574, 592, 674, 832, 886, 901, 903, 908, 999
8, 119, 140, 147, 188, 484, 909
119, 813, 961
311, 371, 585, 613, 703
97, 147, 289, 422, 473, 647
36, 200, 351, 375, 688, 742, 821, 974
18, 38, 111, 419, 492, 538, 697, 770, 791
230, 274, 294, 634, 715
48, 229, 423, 444, 599, 656, 777, 831, 891
246, 285, 442, 619, 709, 807, 990
360, 718, 786, 828
53, 278, 545, 553, 694, 753, 821, 907, 924
283, 339, 662, 756, 867
36, 116, 194, 598, 914
29, 260, 300, 344, 540, 795, 812, 894, 925, 961, 992
38, 55, 299, 325, 335, 425, 995
38, 42, 112, 330, 404, 414, 451, 460, 513, 592, 827, 861
87, 246, 631, 636, 739, 778, 938
69, 88, 109, 193, 374, 607, 689, 907, 917
174, 209, 293, 420, 634, 652, 666, 871, 927
33, 63, 161, 167, 214, 663, 820, 852, 903
87, 137, 238, 283, 797, 824, 849, 870, 941
316, 340, 533, 826
21, 148, 224, 293, 423, 553, 565, 669, 717
63, 137, 241, 405, 495
188, 222, 242, 331, 416, 868, 966
81, 281, 423, 543, 715, 811
126, 578, 631, 737, 779, 828, 946
66, 213, 333, 895
127, 191, 412, 430, 553, 764, 784, 963
9, 108, 123, 125, 201, 274, 371, 461, 472, 636
104, 359, 404, 447, 629, 730, 988, 989
193, 583, 681, 709, 889, 908, 950
437, 463, 483, 612, 821, 993
21, 22, 436, 815, 958, 981
28, 316, 399, 623, 624, 729, 885, 930, 975
354, 494, 510, 681, 847, 851, 936, 973, 986
63, 68, 314, 321, 453, 571
217, 643, 738, 771, 809, 827
123, 432, 575, 579, 782, 800
69, 169, 311, 418, 481, 510, 619, 709, 780, 915, 924, 981, 988
61, 70, 148, 259, 293, 450, 518, 540, 584, 728, 734, 815
338, 344, 478, 544, 559, 975
36, 47, 72, 83, 85, 132, 229, 247, 369, 837, 954
5, 42, 154, 182, 229, 259, 277, 570, 620, 896
14, 204, 735, 987, 996
33, 114, 116, 335, 446, 553, 571, 592, 658, 807, 810, 812, 870, 994
45, 132, 326, 527, 734, 868, 938
53, 123, 344, 437, 561, 851, 964
146, 163
39, 163, 247, 259, 428, 432, 744, 813, 962
171, 290, 319, 371, 644, 662, 803, 867, 981
8, 159, 198, 414, 634, 769, 806, 837
8, 124, 182, 242, 399, 595, 813, 836, 937
23, 127, 148, 247, 395, 432, 443, 529, 656, 658, 697, 707, 879, 942, 989
26, 636, 706, 708, 871, 885, 896, 976
61, 109, 439, 488, 518, 817, 829, 847
40, 215, 486, 492, 704
47, 55, 318, 472, 925, 959
52, 303, 338, 389, 438, 852, 883
63, 171, 439, 442, 519, 532, 845
61, 86, 185, 220, 221, 377, 565, 687, 747, 991
124, 219, 266, 673, 729, 807, 832
104, 180, 360, 414, 492, 528, 592, 709, 835, 993
80, 150, 759, 955
11, 34, 109, 276, 366, 416, 422, 603, 656, 756, 843
193, 437, 450, 532
233, 416, 707, 985
100, 247, 319, 371, 444, 729
119, 159, 162, 188, 338, 510, 511, 753, 889
63, 71, 145, 351, 353, 354, 418, 459, 603, 800, 901, 923, 938, 946, 963
93, 146, 209, 353, 652, 704, 705
19, 69, 100, 104, 300, 326, 442, 509, 560, 797, 883, 993
36, 69, 147, 214, 257, 266, 273, 336, 599, 622, 647, 677, 827, 995
87, 222, 325, 350, 399, 482, 531, 592, 874, 990
43, 63, 280, 442, 491, 610, 676, 799, 808, 863, 989
286, 404, 414, 418, 601, 656, 824, 907, 933
3, 139, 541, 547, 592
293, 598
147, 199, 405, 566, 620, 664, 813, 994
29, 71, 146, 221, 539, 571, 719, 738, 764
12, 73, 171, 222, 359, 364, 417, 439, 769
72, 86, 108, 248, 277, 473, 595, 648, 800
117, 132, 267, 326, 490, 610, 827, 860, 868, 903, 938, 988
38, 88, 107, 169, 214, 330, 540, 634, 646, 709, 765, 775, 917
63, 116, 771
290, 414, 578, 668, 669, 885, 993
140, 146, 555, 570
170, 286, 300, 368, 739, 898, 994
119, 209, 346, 400, 423, 577, 679, 766, 874, 959
9, 74, 209, 216, 221, 261, 377, 387, 440, 442, 539, 634, 721, 740, 809, 988
101, 121, 192, 598, 662, 723, 873, 874, 879, 961
412, 414, 439, 490, 687, 938, 942, 991
61, 92, 155, 274, 442, 532, 571, 799, 827, 836, 868
167, 289, 299, 432, 570, 585, 601, 619, 675, 868
83, 107, 135, 253, 277, 359, 442, 720, 807, 973
326, 477, 806, 966
152, 170, 192, 195, 375, 404, 412, 432, 442, 656, 669, 706, 738, 759, 974
84, 124, 154, 221, 320, 331, 471, 510
6, 8, 171, 222, 424, 525, 547, 764, 771
221, 400, 481, 559, 595, 868, 891
43, 74, 124, 209, 281, 433, 491, 511, 571, 592, 808, 863
78, 127, 322, 571, 729, 874, 907, 963
48, 123, 490, 561, 907, 914, 963
36, 63, 191, 451, 692, 898, 988
14, 93, 209, 216, 439, 513, 540, 921, 989, 994
97, 507, 578, 729, 903, 955, 998
8, 21, 414, 446, 453, 894, 921
4, 495, 538, 631, 656
69, 209, 293, 304, 360, 456, 459, 553, 598, 718, 909, 996
59, 85, 389, 412, 449, 506, 559, 751, 946, 959
69, 201, 266, 484, 493, 495, 707, 737, 874
558, 803, 808, 916
33, 47, 442, 540, 634, 673, 738, 775
112, 124, 388, 454, 472, 623, 656, 727, 863, 871
129, 142, 204, 233, 366, 374, 492, 553, 794, 994
455, 585, 978, 993
326, 799
10, 138, 182, 316, 666, 699, 961
59, 85, 132, 145, 288, 643, 944
132, 233, 465, 800, 843, 903, 985
147, 418, 443, 543, 798, 799, 946, 996
49, 55, 150, 368, 403, 439, 549, 561, 729, 909, 988
16, 52, 140, 189, 364, 416, 444, 601, 629, 868
142, 213, 240, 325, 493, 516, 572, 607, 667, 699, 707, 733, 737, 765, 820, 868, 876, 951
170, 234, 309, 487, 539, 652
5, 40, 62, 169, 707, 731, 790, 907, 940, 988
233, 521, 773, 927, 963
85, 87, 147, 245, 247, 586, 778, 800, 855, 885
80, 140, 353, 460, 518, 729, 784, 829, 832, 837, 902, 990
194, 222, 318, 631, 636, 707
72, 192, 311, 683, 743
374, 405, 694, 820, 925
61, 421, 446, 812, 994
76, 146, 205, 210, 219, 270, 519, 532, 766, 883, 941
117, 293, 446, 518, 733, 838
51, 131, 190, 445, 471, 472, 534, 539, 658, 669, 729, 807, 815, 858, 863, 930, 993, 994
38, 155, 502, 575, 644, 981
216, 304, 336, 342, 562, 599, 778, 800, 909
14, 87, 599, 748, 827
80, 344, 710, 721, 752, 778, 855, 914, 917, 954, 988
9, 74, 221, 440, 442, 539, 721, 988
33, 112, 144, 372, 470, 497, 765, 925
0, 11, 86, 222, 405, 455, 523, 534, 599, 611, 687, 730, 764, 859, 930, 988
229, 238, 316, 399, 682, 953
553, 647, 675, 851
19, 123, 217, 437, 527, 707
145, 226, 738, 744, 863, 920, 992
63, 583, 647, 884
209, 404, 805, 929
63, 226, 328, 354, 430, 555, 705, 744, 773, 863, 920
76, 85, 119, 154, 231, 291, 480, 592, 614, 871
437, 652, 669, 827
34, 274, 286, 439, 527, 682
39, 178, 360, 416, 648, 670, 981
84, 124, 154, 221, 320, 471, 510
277, 442, 502, 973
117, 293, 446, 518, 733, 838
112, 154, 201, 326, 414, 455, 465, 502, 674, 852, 855, 858, 908
48, 146, 274, 293, 553, 709, 851, 905, 941, 976
112, 201, 326, 414, 455, 465, 502, 674, 852, 908
93, 131, 132, 261, 416, 462, 540, 764, 773, 948, 985
48, 137, 246, 390, 806, 825, 909
21, 131, 159, 185, 437, 756, 929
140, 259, 572, 647, 660, 813, 827, 921
214, 238, 353, 488, 570, 849, 907
3, 34, 117, 127, 221, 238, 354, 524, 542, 707, 813, 843, 912, 962
171, 278, 323, 508, 524, 675, 807, 874
4, 102, 174, 248, 377, 462, 473, 538, 985
387, 441, 482, 501, 767, 924
154, 159, 242, 560, 592, 619, 696, 852, 987
123, 138, 189, 259, 368, 592, 634
221, 246, 543, 631, 634, 670, 808, 899
240, 444, 456, 514, 540, 798, 832, 927
55, 203, 231, 238, 240, 280, 553, 561, 586, 592, 809, 826, 828
733, 767, 829, 993
28, 360, 592, 601, 959
100, 130, 297, 375, 664, 808, 826
92, 127, 283, 322, 722
11, 24, 27, 87, 291, 300, 514, 883, 889
10, 518, 571, 666, 806, 993, 994
38, 260, 281, 374, 389, 405, 548, 692, 763
39, 62, 95, 405, 529, 558, 613, 656, 664
182, 221, 261, 271, 303, 676
159, 261, 698, 894, 925
325, 404, 566, 629, 721, 915
613, 852, 896
216, 432, 524, 534, 564, 700, 809, 827, 912, 953
73, 436, 832, 871, 917
103, 222, 314, 325, 375, 532, 709, 806, 858
104, 142, 221, 252, 300, 361, 514, 619, 674, 689, 806, 876, 903
18, 33, 61, 112, 209, 246, 278, 542, 570, 707, 780, 880
69, 603, 722, 785
38, 423, 480, 497, 610, 825, 879, 934
27, 36, 247, 248, 291, 553
47, 89, 143, 612, 628, 729, 734, 743
142, 447, 456, 623, 692, 722, 832, 921, 934, 994
26, 38, 67, 130, 324, 416, 656, 772, 858, 899, 903, 948
230, 246, 285, 414, 531, 697, 827, 832, 852, 973, 990
207, 444, 557, 577, 803
63, 163, 318, 414, 425, 545, 620, 648, 722, 798, 803, 870, 901, 916, 946, 991, 994
26, 636, 706, 708, 871, 885, 896, 976
3, 148, 190, 326, 330, 482
15, 129, 190, 348, 472, 525, 753, 773, 807, 981
22, 59, 68, 371, 486, 628, 675, 844, 903
29, 38, 326, 391, 444, 832
68, 281, 669, 710
132, 178, 195, 274, 357, 419, 545, 578, 628, 709, 779
281, 378, 554, 598, 681, 803
74, 95, 416, 463, 542, 578, 674, 863, 988
326, 416, 517, 527
51, 259, 387, 553, 635, 664, 666, 808, 996
419, 486, 565, 614, 641, 700, 840
381, 450, 487, 598, 852, 955
116, 160, 170, 516, 753, 801, 908
449, 501, 582, 592, 682, 853, 858, 885, 986
74, 263, 541, 592, 679, 709, 764, 798, 941
188, 242, 266, 456, 858, 871
33, 119, 520, 623, 729, 778, 925
13, 38, 155, 571, 601, 690, 815, 820, 974
66, 100, 392, 405, 418, 461, 818, 883, 938, 985
42, 72, 154, 553, 641, 790, 809, 838, 998
437, 560, 675, 676, 924, 947
33, 71, 106, 182, 201, 289, 399, 463, 494, 840
246, 281, 344, 521, 669
63, 299, 401, 488, 730
100, 103, 147, 432, 518, 634, 732
63, 117, 412, 521, 722, 745, 851, 947, 970
201, 481, 545, 700, 973, 993
325, 387, 575, 662, 793, 822, 843, 885
38, 48, 185, 509, 776, 852, 871, 916
107, 230, 530, 540, 545, 561, 827, 837
187, 366, 656, 874, 892, 963
25, 36, 72, 168, 293, 518, 524, 541, 703, 901, 910
61, 155, 353, 436, 439, 531, 553, 623, 722, 815, 885
52, 67, 229, 257, 293, 306, 592, 756
124, 306, 360, 432, 436, 577, 626
66, 145, 543, 558, 738, 863, 867, 905, 942, 954, 988
213, 628, 743
101, 123, 189, 306, 377, 877
43, 129, 219, 235, 293, 319, 326, 409, 419, 699, 975
42, 395, 404, 460, 592
38, 236, 409, 576, 656, 700, 764
35, 229, 306, 371, 416, 545, 759, 867, 943
83, 168, 238, 280
174, 282, 460, 699, 832, 867, 879, 901, 963
11, 325, 350, 387, 487, 575, 662, 738, 793, 818, 822, 843, 885
12, 527, 629, 877, 925
17, 603, 656, 734, 806, 808, 871
152, 709, 912, 931, 941
67, 220, 326, 399, 423, 540, 628, 643, 710, 729, 733, 744, 803, 806, 826
154, 335, 494
85, 219, 400, 462, 612, 667, 737, 929
39, 160, 281, 456, 775, 832, 870, 959, 983
11, 90, 242, 289, 335, 342, 373, 437, 480, 707, 938
57, 78, 205, 259, 272, 455, 619, 674, 722, 917
80, 148, 444, 464, 534, 571, 889, 973
106, 143, 289, 300, 432, 559, 995
11, 33, 325, 459, 545, 867
124, 219, 266, 673, 729, 807, 832
130, 219, 336, 405, 553, 989
76, 449, 540, 592, 595, 668, 789, 808, 827, 938
17, 85, 94, 114, 116, 135, 140, 167, 277, 428, 432, 682, 764, 827, 908
25, 33, 61, 87, 172, 388, 447, 829, 832, 941, 973
28, 427, 722, 733, 778, 807
303, 321, 557, 817, 903, 963
112, 405, 542, 667, 890, 974
123, 364, 437, 780, 851, 886, 921
140, 283, 289, 571, 652
9, 14, 72, 263, 318, 339, 381, 619, 643, 690, 829
193, 236, 388, 410, 412, 414, 546, 571, 613, 648, 666, 668, 678, 806, 812
4, 28, 477, 570, 662, 812, 881
259, 319, 571, 673, 996
40, 49, 197, 208, 222
67, 306, 316, 371, 592, 616, 756
495, 601, 805, 997
36, 63, 83, 117, 157, 214, 416, 545, 570, 924, 973, 996
232, 840
63, 117, 368, 383, 753, 842, 931
169, 182, 277, 397, 545, 652, 675, 682
126, 139, 613, 753, 829
41, 126, 144, 397, 599, 761
87, 135, 213, 259, 260, 497, 864, 886, 889, 988
83, 95, 274, 303, 306, 409, 614, 722, 745, 827, 858, 964
205, 297, 439, 555, 771, 946
127, 260, 272, 456, 722, 962
8, 80, 186, 544, 673
15, 50, 210, 221, 368, 591, 592, 647, 985, 992, 995
67, 154, 257, 414, 592, 703, 826, 863
73, 104, 201, 492, 720, 764
87, 112, 123, 543, 778
532, 697, 951
8, 123, 246, 337, 628, 764, 794, 874, 963, 996
28, 79, 405, 517, 721
140, 150, 170, 214, 441, 800, 914
38, 118, 123, 173, 259, 472, 586, 684, 687
87, 799, 817, 999
94, 135, 167, 428, 682, 827, 908
69, 318, 459, 480, 538, 595, 750, 800
143, 152, 260, 395, 480, 806, 874
139, 193, 277, 820, 871, 879
612, 729
69, 112, 117, 465, 662, 729, 772, 815
38, 265, 288, 534, 694, 877, 988, 990
194, 238, 479, 607
263, 575, 683
43, 87, 360, 577, 778
153, 326, 403, 484, 778, 798, 843, 916
203, 240, 416, 527, 946
83, 107, 154, 229, 492, 521, 557, 998
402, 571, 582, 592, 893, 963
12, 127, 423, 443, 669, 716, 806, 962
14, 47, 191, 334, 387, 415, 631, 806, 877, 930
38, 123, 325, 527, 738, 782, 789, 791, 808, 871
39, 178, 360, 416, 648, 670, 981
48, 246, 330, 377, 531, 545, 586, 909
8, 86, 168, 238, 280, 619, 764, 828, 863
101, 111, 142, 214, 405, 516, 871
547, 553, 721, 799, 874, 909
36, 100, 322, 371, 414, 432, 495, 595, 647, 667, 688, 894, 973, 974, 988
34, 339, 642, 875
261, 445, 570, 822
72, 282, 480, 636, 855, 976
559, 682, 782, 808, 877
47, 143, 436, 612, 729, 874
62, 306, 327, 371, 403, 436, 498, 594, 670, 821
80, 100, 127, 146, 220, 342, 399, 404, 540, 777, 782, 800, 806, 900, 992
39, 48, 293, 319, 480, 713, 891, 903
7, 48, 150, 571, 669, 753, 909
85, 191, 222, 592, 713, 806, 813, 961
8, 80, 186, 544, 673
553, 571, 709, 894, 907, 966
245, 484
8, 21, 23, 123, 325, 414, 446, 453, 471, 485, 707, 709, 719, 827, 891, 894, 921
14, 20, 38, 41, 53, 76, 126, 255, 397, 555, 599, 761
178, 195, 274, 545
371, 463, 547, 929, 959, 962
8, 40, 300, 318, 495, 576, 699
48, 214, 412, 626, 668, 867
67, 405, 621, 732, 770, 780
215, 247, 484, 553, 721, 874, 909
39, 100, 222, 514, 665, 699, 963
159, 502, 545, 553, 872
69, 132, 213, 410, 481, 500, 732, 782, 799, 985, 993
67, 292, 471, 495, 603, 738, 803, 827, 876, 902
87, 102, 147, 561, 631
336, 665, 699, 707, 782, 863, 874, 946
176, 194, 371, 375, 622, 914
138, 154, 439, 463, 782, 934
142, 221, 291, 318, 387, 446, 460, 542, 709, 923
3, 381, 490, 544, 874
179, 300
154, 162, 598, 705, 871, 874
61, 159, 416, 481, 683, 720, 764
233, 416, 707, 985
47, 143, 612, 729, 743
66, 69, 432, 767, 799, 808
405, 517, 764, 810, 886
335, 400, 492, 578
109, 124, 316, 412, 485, 529, 709, 859
106, 135, 238, 534, 682, 825, 990, 996
112, 132, 240, 277, 368, 547, 925
117, 263, 287, 490, 782, 876, 886, 962
38, 335, 420, 492, 805, 917
59, 78, 234, 283, 374, 889
33, 112, 248, 374, 461, 599, 829, 832, 924, 950, 963
145, 558, 652, 765
314, 480, 560, 744, 820
3, 293, 339, 344, 481, 493, 671, 705, 994
218, 515, 852, 895, 973
628, 863
25, 72, 168, 518, 541, 901, 910
38, 260, 281, 374, 389, 405, 548, 692, 763
308, 389, 403, 404, 553, 642, 682, 733
205, 517, 586, 783, 926
248, 510, 707, 767, 948, 981
21, 22, 35, 137, 436, 545, 815, 958, 981, 990
17, 101, 183, 192, 449, 501, 582, 592, 682, 723, 808, 853, 858, 873, 874, 879, 885, 986
144, 209, 346, 463, 628, 832, 901, 973, 994
67, 298, 318, 592, 756, 849, 874, 907, 947
146, 148, 168, 197, 305, 404, 420, 584, 589, 805
9, 12, 69, 104, 132, 137, 501, 592, 652, 668, 707
291, 656, 764, 771, 895
30, 898, 931
109, 209, 420, 499, 542, 867
52, 229, 257, 293
203, 222, 416, 453, 558
40, 474, 559, 570, 663, 783, 885, 914
159, 215, 415, 507, 858, 863
35, 63, 83, 133, 189, 221, 248, 330, 595, 646, 820
368, 446, 534, 571, 610, 994
48, 146, 234, 374, 395, 445, 599, 909
5, 116, 148, 182, 192, 222, 414, 432, 439, 459, 471, 619, 649, 705, 715, 721, 813, 837, 874
145, 233, 259, 402, 782, 966
104
63, 329, 416, 534, 634
238, 287, 385, 542, 682, 876, 962
126, 145, 578, 631, 737, 779, 828, 902, 946
222, 236, 377, 400, 480, 490, 679, 877
399, 442, 873
11, 87, 305, 432, 966
38, 63, 551, 652, 925, 937
89, 203, 509, 797, 853, 932
201, 414, 437, 455, 674, 852, 908
437, 463, 483, 612, 821, 993
12, 214, 472, 737, 773, 800, 833, 885
52, 66, 192, 283, 416, 485, 775, 868, 886, 946
97, 507, 578, 729, 903, 955, 998
137, 402, 412, 480, 483, 509, 530, 545, 778, 780, 798, 927
192, 569, 623, 682, 699, 894, 974, 989
66, 89, 109, 169, 425, 485, 953
303, 338, 852, 883
3, 293, 339, 344, 481, 493, 671, 705, 994
266, 353, 603, 874
48, 137, 246, 390, 631, 806, 825, 909
69, 146, 237, 520, 547, 553, 559
182, 390, 629, 682, 785, 815, 992
119, 158, 182, 317, 511, 751, 973
41, 126, 144, 397, 761
139, 224, 306, 430, 501, 561, 592, 628, 645, 929
28, 62, 69, 132, 555, 592, 767, 806, 868, 877, 931, 994
11, 90, 242, 289, 335, 342, 373, 437, 480, 707, 938
13, 132, 190, 214, 445, 485, 667
28, 190, 238, 384, 456, 732, 795, 870
76, 205, 255, 490, 999
108, 570, 604, 871
48, 146, 553, 580, 750, 806, 905
222, 240, 306, 399, 456, 808
57, 60, 78, 613, 703
129, 135, 147, 259, 316, 521, 545, 624
11, 252, 287, 307, 527, 568, 707
160, 424, 456, 540, 575, 798
48, 137, 233, 747, 819, 858
36, 192, 612, 709, 781
148, 161, 601, 662, 675, 732, 803
168, 433, 518, 868, 942, 950
340, 546, 599, 644, 808, 840
52, 179, 218, 274, 375, 578, 764, 799, 960, 962
5, 28, 68, 297, 570, 670, 767, 963
144, 277, 281, 545, 666, 871, 944, 974
53, 123, 228, 344, 437, 517, 520, 561, 851, 964, 987
36, 169, 181, 638, 656
93, 273, 281, 913
4, 86, 467, 578, 619, 764, 782
36, 96, 229, 289, 397, 398, 416, 433, 539, 881, 902
3, 51, 85, 209, 461, 518, 707, 737
36, 192, 318, 607, 612, 709, 781, 919
133, 139, 398, 502, 683, 707, 844, 889, 946
83, 182, 369, 414, 599, 647, 891
25, 132, 133, 550, 674, 676, 820, 899
6, 17, 147, 339, 399, 934
107, 219, 293, 464, 810, 917
125, 472, 509, 553, 961
38, 230, 486, 569, 689, 901
29, 80, 582, 613, 649, 682, 709, 715, 730, 832
381, 450, 487, 598, 852, 955
43, 325, 400, 442, 553, 557, 586
36, 118, 283, 432, 646, 653, 790, 826
137, 397, 402, 416, 679, 721, 832, 894, 951, 989
123, 148, 236, 395, 447, 545, 710, 743, 821, 964
27, 75, 137, 368, 409, 471, 473, 722, 781
90, 140, 289, 300, 721, 909, 915
27, 63, 175, 240, 400, 470, 472, 603, 778, 829, 876
7, 48, 140, 571, 753, 909
14, 217, 340, 471, 487, 524, 545, 661, 666, 704, 738, 903
127, 198, 199, 274, 289, 566, 690, 795
49, 167, 171, 590, 647, 863
183, 209, 367, 376, 402, 439, 553, 644, 664, 829
40, 300, 318, 495, 576, 699
26, 183, 473, 543, 621, 683, 797
61, 221, 339, 531, 580, 707, 827, 885
254, 412, 651
150, 422, 607, 769, 782, 837
397, 478, 706, 709, 732, 832
404, 570, 571, 684, 707, 816
4, 80, 87, 145, 277, 601, 737, 817, 885
3, 35, 39, 263, 310, 336, 374, 375, 518, 707, 744, 780, 858, 966
116, 123, 127, 436, 455, 471, 529, 651, 752, 756, 800, 803, 827, 849, 963, 994
204, 281, 325, 410, 511, 939
109, 119, 326, 481, 518, 813
33, 116, 169, 201, 360, 503, 563, 683, 990
146, 677, 712, 835
54, 246, 510, 545
61, 148, 167, 651, 673, 820, 859
38, 274, 402, 416, 437, 571, 714, 730, 930, 970
124, 221, 255, 607, 719, 950, 981
12, 195, 215, 293, 436, 607, 771, 790, 902
89, 326, 338, 412, 577, 715, 879, 915
19, 47, 61, 209, 360, 437, 950
28, 247, 461, 571, 601, 740, 904
18, 21, 124, 195, 405, 443, 460, 722, 773, 859
62, 94, 127, 221, 266, 274, 303, 387, 647, 855
316, 377, 521, 722
201, 427, 571, 988
12, 132, 214, 472, 521, 737, 773, 800, 833, 885, 979
52, 136, 318, 352, 646, 737
601, 619, 924
85, 200, 227, 388, 439, 456, 673
126, 192, 420, 423, 518, 575, 584, 610, 655, 858, 899, 961
127, 409, 541
168, 398, 575, 603, 798, 808, 827
54, 95, 311, 402, 437, 703, 950
3, 154, 171, 435, 437, 534, 585, 619, 707, 913
117, 418, 432, 589, 739, 815, 959
118, 248, 518, 815, 969
22, 319, 325, 329, 446, 467, 500, 553, 723, 948
116, 160, 170, 516, 753, 801, 908
3, 35, 39, 263, 310, 336, 518, 744, 780, 858
8, 346, 459, 751, 913
116, 132, 339, 647, 785, 873, 899
117, 148, 439, 544, 818, 946, 975
209, 220, 555, 744, 929
39, 123, 178, 360, 416, 648, 670, 808, 874, 877, 981
93, 360, 464, 524, 592, 662, 828, 959
42, 119, 163, 203, 208, 217, 339, 360, 738, 782, 807, 832
106, 112, 286, 543, 710, 847, 912, 966, 993
26, 63, 87, 116, 158, 255, 283, 319, 402, 547
142, 238, 400, 799
118, 123, 190, 432, 622, 709, 710, 769
233, 521, 963
21, 188, 497, 613, 647, 789, 800, 817, 885
8, 80, 186, 367, 544, 673, 996
42, 160, 382, 950
147, 213, 214, 238, 306, 628, 743
38, 74, 83, 607, 613, 709, 737, 912
8, 137, 142, 438, 471, 493, 527, 571, 765, 800, 827, 871, 938
19, 198, 342, 350, 360, 388, 395, 658, 794, 798
38, 216, 486, 575, 601, 697, 782
199, 238, 439, 553, 592, 796, 894
119, 613, 657, 881, 999
72, 97, 148, 152, 374, 422, 481, 815, 909, 931
39, 127, 258, 293, 534, 557, 643, 661
29, 145, 192, 213, 371, 778, 800, 992
221, 307, 329, 516, 548, 903
51, 85, 207, 335, 344, 347, 377, 510, 518, 583, 586, 607, 661, 873, 914
93, 107, 403, 410, 449, 487
78, 222, 293, 339, 481
106, 135, 238, 534, 571, 682, 825, 990, 996
217, 300, 358, 808, 844, 996
17, 603, 656, 734, 806, 871
61, 104, 261, 316, 322, 337, 402, 421, 598, 812, 950
48, 138, 222, 360, 436, 828, 874
38, 67, 350, 707, 800, 991
398, 399, 442, 553, 873, 990
39, 253, 306, 855, 950
35, 38, 236, 628, 655, 662, 911
132, 456, 459, 656, 782
124, 130, 143, 471, 477, 591, 828, 868
311, 432, 459, 527, 997
24, 89, 255, 289, 333, 829
517, 544, 924, 995
148, 302, 357, 613, 987
374, 481
132, 350, 601, 604, 613, 621, 730, 800
15, 51, 112, 356, 439, 585, 652, 875
48, 106, 405, 509, 592, 828, 832
23, 136, 188, 690, 777
656, 874, 892, 963
63, 238, 497, 612, 613, 619, 679, 684
119, 306, 459, 695, 756, 827, 901
6, 8, 222, 424, 525, 547, 771
69, 104, 325, 497, 546, 580, 709, 744, 828, 860
25, 52, 130, 432, 500, 601, 908, 934, 963, 964
10, 29, 188, 471, 472, 667, 683, 756, 889, 950, 959
93, 132, 462, 527, 538, 706
357, 437, 444, 909
130, 157, 200, 360, 514, 541, 629, 806, 994, 996
267, 353, 381, 473, 553, 676, 818
16, 17, 182, 446, 764, 884, 921
0, 42, 246, 369, 782, 858, 963, 995
14, 598, 656, 664, 683, 963
127, 322, 423, 432, 615, 709, 829
455, 743, 870, 946, 973, 994
118, 353, 402, 548, 807, 908, 966
126, 578, 631, 721, 737, 779, 828, 946
326, 412, 577
205, 511, 607, 811
97, 425, 681, 852
46, 104, 146, 353, 459, 533, 656, 798, 809
29, 335, 575, 744, 827, 892
83, 306, 502, 592
130, 289, 520, 827, 964
344, 360, 484, 589, 818, 827, 858
69, 81, 206, 543, 586, 709, 803
52, 137, 303, 338, 389, 438, 662, 852, 883, 978
132, 160, 255, 354, 446, 546, 595, 758
63, 93, 221, 485, 666, 674, 955, 974
8, 99, 147, 186, 553, 656, 676, 972
412, 437, 540, 544, 571, 682, 930
127, 258, 277, 328, 444, 669, 836, 896, 994
547, 553, 721, 799, 874, 909
63, 329, 416, 534, 543, 553, 559, 561, 634, 764, 954
216, 304, 336, 342, 562, 599, 778, 909
124, 193, 471, 555, 636, 675, 837, 904, 931
52, 123, 539, 619, 681, 753, 855, 889, 909, 912
39, 227, 246, 274, 320, 420, 471, 527, 530, 545, 603, 878, 891, 950, 992
67, 368, 570, 577, 722, 782
21, 63, 188, 595, 761, 828, 931
246, 285, 619, 709
26, 36, 104, 197, 233, 405, 428, 437, 447, 471, 495, 603, 750, 753, 782, 858, 994
366, 516, 521, 545, 614, 705
28, 106, 124, 132, 322, 429, 601, 628, 752, 840, 877, 913
126, 171, 438, 477, 493, 509, 738, 773, 939
124, 248, 261, 281, 570, 729, 739, 795, 851, 927, 946
142, 205, 293, 599, 764, 767
197, 566, 868, 959
150, 337, 493, 912, 941, 963
316, 402, 598, 950
238, 569, 577, 623, 699, 740, 894, 989
404, 430, 437, 668, 709, 798, 901
318, 502, 518, 531, 584, 863, 916, 944
36, 283, 472, 710, 774, 947
112, 534, 541, 543, 592, 628, 799, 855
144, 277, 281, 340, 545, 666, 689, 871, 944, 974
61, 107, 322, 420, 421, 446, 491, 540, 603, 688, 812, 994
51, 63, 124, 127, 186, 329, 371, 404, 429, 539, 601, 616, 800, 909, 959
69, 155, 185, 359
20, 138, 142, 247, 604, 631, 738, 822, 938
136, 150, 207, 300, 553, 558, 808, 864
144, 209, 444, 734, 832, 886, 973
245, 255, 335, 684, 709, 837
259, 382, 534, 626, 859, 974
35, 764, 772, 850, 871
416, 619, 620, 783, 863, 931
85, 93, 131, 132, 144, 261, 416, 462, 527, 540, 764, 773, 948, 985
145, 164, 182, 242, 281, 375, 390, 820, 973
38, 138, 201, 281, 402, 432, 439, 456, 471, 492, 661, 764, 909
22, 38, 123, 191, 259, 325, 360, 368, 388, 592, 752, 820
81, 629
12, 51, 80, 132, 671, 741, 883
220, 221, 227, 403, 490, 502
48, 137, 233, 747, 819, 858
36, 83, 104, 135, 453, 490, 497, 571, 739, 800, 808, 902, 920
102, 354, 494, 510, 519, 536, 542, 851, 890, 974
7, 83, 111, 384, 524, 631, 910
40, 192, 420, 439, 521, 532, 705, 994
133, 139, 149, 192, 247, 252, 320, 437, 559, 723, 892
36, 69, 377, 439, 540, 565
67, 74, 402, 410, 601, 679, 907, 942
119, 127, 273, 514, 571, 988
66, 460, 514, 715, 879, 908
35, 142, 387, 446, 709, 710, 764, 808
137, 157, 169, 266, 477, 480, 486, 589, 664, 675, 876
400, 486, 543, 546, 604, 626, 925, 942
452, 871
9, 118, 368, 430, 545, 592, 634, 881, 909, 910
78, 201, 210, 318, 324, 595, 613, 699, 767, 944
203, 405, 442, 730, 885, 961, 974, 988
132, 456, 459, 656, 782
97, 147, 422, 473, 647, 810
20, 117, 532, 595, 852, 881
72, 131, 147, 599, 697, 800, 801
33, 112, 144, 193, 437, 450, 470, 497, 532, 765
34, 224, 339, 368, 471, 553, 642, 989
159, 179, 198, 521, 681, 908
221, 388, 571, 690, 815, 827
163, 179, 339, 384, 418
219, 930, 938, 981
61, 410, 439, 488, 518, 557, 586, 817, 829
25, 132, 213, 443, 541, 644, 903
124, 219, 266, 673, 729, 807, 832
69, 71, 72, 437, 578
8, 306, 378, 471, 738, 745, 832, 885
87, 127, 182, 216, 283, 592, 744, 772, 912
106, 118, 427, 575, 603, 738
8, 67, 148, 214, 628, 647, 803, 813, 891, 955
20, 138, 142, 247, 604, 631, 738, 822, 938
29, 38, 322, 326, 391, 444, 832
19, 43, 226, 246, 555, 592, 744, 863, 894, 936
26, 121, 473, 621, 778
179, 286, 471, 502, 544, 578, 586, 881
0, 42, 246, 369, 782, 858, 995
132, 248, 339, 471, 472, 815, 829, 972
545, 798, 803, 901
42, 160, 382, 950
10, 189, 540, 554, 686, 771, 924, 931, 955
39, 140, 721, 753, 815, 878, 909
125, 137, 179, 212, 230, 545, 827
118, 142, 283, 432, 646, 653, 790, 826
209, 247, 248, 335, 837
129, 163, 432, 472, 488, 723
147, 221, 507, 674, 687, 998
175, 378, 455, 720, 738, 751, 851, 901, 961
163, 179, 339, 384, 418
148, 203, 240, 302, 357, 416, 527, 613, 863, 946, 987
148, 331, 673, 859, 863, 909
61, 410, 439, 488, 518, 557, 586, 817, 829
103, 222, 314, 325, 375, 532, 709, 806, 858
522, 577, 851, 927
29, 260, 300, 344, 540, 795, 812, 894, 925, 961, 992
11, 280, 359, 364, 628, 798
100, 188, 219, 360, 545, 852
93, 235, 293, 527, 737, 767, 835, 949
329, 336, 476, 530
87, 664, 826
99, 420, 592, 604, 632, 648, 813, 863, 946
36, 63, 471
89, 416, 432, 629, 941
14, 85, 127, 432, 464, 592, 610, 632, 895
126, 578, 631, 737, 779, 828, 946
248, 300, 439, 662
22, 319, 325, 329, 446, 467, 500, 553, 723, 948
517, 607, 939
229, 266, 669, 799, 844
83, 168, 238, 280
11, 38, 61, 67, 132, 247, 329, 368, 592, 619, 620, 689, 709, 799, 836
39, 178, 360, 648, 670, 981
145, 192, 292, 643, 673, 683, 944
28, 74, 233, 403, 461, 543, 629, 767, 854, 884, 964, 988
61, 66, 124, 221, 405, 420, 652, 759
35, 137, 227, 286, 545, 990
48, 135, 209, 295, 428, 625, 908
221, 246, 385, 455, 904
31, 74, 90, 112, 121, 235, 499, 565, 743, 771, 804, 813
15, 283, 335, 472, 521, 776, 924
123, 168, 186, 432, 486, 575, 579, 782, 800, 927
127, 144, 277, 281, 340, 545, 666, 689, 690, 730, 871, 892, 944, 974, 988
108, 114, 137, 331, 400, 611, 674, 710, 756
140, 293, 414, 907
388, 571, 690, 815, 827
155, 300, 348, 444, 509, 595, 652, 859
100, 190, 274, 336, 444, 603, 621, 745, 809, 925
275, 879
155, 259, 403, 441, 988
152, 302, 473, 531, 570, 571
160, 442, 446, 592, 918
28, 959
19, 271, 412, 414, 439, 469, 490, 592, 687, 815, 827, 942, 991
11, 90, 242, 289, 335, 342, 373, 437, 480, 707, 938
155, 182, 570, 628, 794, 851, 868
86, 192, 235, 356, 423, 472, 486, 540, 676
48, 81, 274, 299, 410, 420, 429, 553, 851, 905
51, 261, 571, 580, 586, 828, 875, 959
61, 86, 185, 220, 221, 377, 565, 687, 747, 991
0, 11, 59, 86, 144, 186, 222, 280, 601, 668, 729, 889
40, 117, 209, 269, 338, 359, 520, 577, 601, 656, 682, 836, 871
